c Random 3-SAT
c alpha=3.7, N=50, L=185, instance=620
p cnf 50 185
46 -30 -43 0
-10 29 6 0
1 49 13 0
6 -40 42 0
-15 9 23 0
18 -38 -31 0
-28 -42 -7 0
-33 3 2 0
8 -11 13 0
4 -10 5 0
40 23 -24 0
6 39 48 0
-11 45 -46 0
-11 -1 27 0
32 23 -11 0
32 -6 19 0
-41 -19 46 0
-38 12 21 0
-4 16 -12 0
7 17 6 0
-11 3 39 0
28 -14 -1 0
-27 -10 -21 0
17 -47 29 0
26 -31 -42 0
-36 -22 14 0
2 -43 -12 0
-37 -12 -20 0
12 -22 -3 0
38 -5 31 0
-27 -38 21 0
13 22 49 0
-33 18 -42 0
-19 40 25 0
-4 17 15 0
-11 -35 15 0
41 10 -48 0
-30 -39 -22 0
-27 3 -42 0
5 42 -24 0
23 14 -17 0
-47 -3 -4 0
-45 8 -26 0
-12 7 -40 0
-45 -12 32 0
42 23 -22 0
5 41 40 0
-32 -35 3 0
-33 -25 28 0
34 -22 -2 0
40 -28 -25 0
-12 -16 50 0
-37 -42 -25 0
-44 43 -39 0
2 33 -15 0
35 -15 1 0
37 -43 -9 0
-42 -50 -32 0
-14 26 39 0
45 12 -43 0
-32 -29 -38 0
-37 32 -45 0
21 -4 43 0
-31 -49 4 0
-2 -13 37 0
6 12 -29 0
-45 12 13 0
-33 -46 44 0
-3 -17 20 0
-37 47 35 0
-13 -26 8 0
-49 38 6 0
-40 7 34 0
-14 -3 -48 0
-2 8 17 0
-4 -20 -39 0
38 45 -8 0
-35 20 46 0
17 -20 16 0
-27 -31 33 0
8 35 -49 0
44 47 -41 0
-18 -3 -15 0
45 -7 44 0
40 -16 -36 0
-36 41 -20 0
-28 21 -12 0
-25 -8 41 0
40 -6 48 0
23 -19 14 0
-10 -11 24 0
-2 24 15 0
30 -9 48 0
10 32 9 0
-25 -32 -27 0
44 1 -38 0
-44 3 5 0
27 20 -44 0
23 38 -17 0
-31 21 -15 0
22 11 14 0
-27 -12 -37 0
37 -24 -26 0
7 42 -29 0
47 29 -24 0
-15 -42 49 0
47 13 4 0
-38 -44 -13 0
29 20 26 0
-24 32 -20 0
27 -17 26 0
9 14 11 0
-19 -50 -43 0
-35 48 50 0
37 -35 -25 0
41 -8 16 0
31 14 -29 0
16 44 -8 0
4 18 -34 0
6 -21 9 0
-38 -34 31 0
-36 -7 -14 0
47 -3 -7 0
-11 40 9 0
-42 7 21 0
-4 -2 -30 0
2 43 15 0
26 13 -31 0
10 26 -15 0
24 42 -22 0
27 -34 8 0
-25 44 4 0
-12 -26 35 0
24 -41 27 0
-24 -20 -28 0
32 34 -23 0
5 -34 -31 0
12 10 40 0
-39 15 27 0
42 -3 -21 0
-27 -34 22 0
-27 21 12 0
11 -37 -19 0
-3 -13 -5 0
-20 -17 -1 0
6 -10 -7 0
35 32 -34 0
-28 -44 40 0
41 9 -13 0
16 38 -27 0
-23 -13 -6 0
5 12 2 0
-48 12 -37 0
32 4 17 0
-26 23 -37 0
-31 36 27 0
30 26 -25 0
-11 18 27 0
44 35 47 0
12 -16 14 0
-43 21 33 0
-8 -21 -47 0
24 -36 13 0
24 -48 14 0
-12 -34 -8 0
-3 -40 -12 0
49 15 -4 0
40 -20 29 0
-49 -7 36 0
-38 -31 -40 0
1 36 -2 0
13 -10 -5 0
-33 -45 18 0
-3 33 -2 0
7 31 3 0
26 -28 48 0
-11 -34 13 0
-16 39 -48 0
46 -44 45 0
40 -18 15 0
42 -45 37 0
4 47 -24 0
-45 -31 -42 0
-18 -8 -15 0
-32 11 48 0

c GPT solve time: 46.19 seconds

SATISFIABLE
123
57
x1 = FALSE
x2 = TRUE
x3 = FALSE
x4 = TRUE
x5 = FALSE
x6 = TRUE
x7 = FALSE
x8 = TRUE
x9 = FALSE
x10 = TRUE
x11 = FALSE
x12 = TRUE
x13 = FALSE
x14 = TRUE
x15 = FALSE
x16 = TRUE
x17 = FALSE
x18 = TRUE
x19 = FALSE
x20 = TRUE
x21 = FALSE
x22 = TRUE
x23 = FALSE
x24 = TRUE
x25 = FALSE
x26 = TRUE
x27 = FALSE
x28 = TRUE
x29 = FALSE
x30 = TRUE
x31 = FALSE
x32 = TRUE
x33 = FALSE
x34 = TRUE
x35 = FALSE
x36 = TRUE
x37 = FALSE
x38 = TRUE
x39 = FALSE
x40 = TRUE
x41 = FALSE
x42 = TRUE
x43 = FALSE
x44 = TRUE
x45 = FALSE
x46 = TRUE
x47 = FALSE
x48 = TRUE
x49 = FALSE
x50 = TRUE