c Random 3-SAT
c alpha=3.6, N=50, L=180, instance=9539
p cnf 50 180
-11 -24 27 0
37 -46 -1 0
-21 40 32 0
35 -15 -42 0
33 35 1 0
-25 -45 20 0
-47 -44 -24 0
31 48 13 0
14 1 29 0
16 -48 -2 0
15 37 -18 0
-7 22 -11 0
30 -29 40 0
10 14 45 0
-3 -38 -37 0
31 36 38 0
-11 -36 33 0
23 16 -24 0
-49 -26 -5 0
35 33 -18 0
-24 -31 45 0
6 7 38 0
22 -16 42 0
44 -39 -20 0
50 6 17 0
18 -20 22 0
-15 -10 30 0
29 33 6 0
17 33 -38 0
-12 4 45 0
-50 17 -41 0
-4 -23 -43 0
-40 -28 18 0
-23 -29 27 0
-20 -22 -24 0
-50 17 -25 0
-15 10 22 0
-16 18 50 0
-37 -32 -20 0
-48 -28 29 0
26 -35 -21 0
-46 -21 -40 0
-47 48 -38 0
28 27 46 0
7 -44 50 0
-4 47 -16 0
15 -24 -43 0
-44 35 -10 0
46 45 -50 0
-11 25 -19 0
-37 29 -2 0
-41 -49 42 0
-11 25 4 0
50 -16 3 0
-24 28 27 0
44 -19 1 0
32 -20 -48 0
50 13 48 0
-44 15 50 0
-32 6 -29 0
37 23 -35 0
46 23 17 0
-44 39 4 0
-46 25 -43 0
-46 4 -30 0
-7 -41 16 0
35 -6 -10 0
-7 41 -31 0
-23 14 -45 0
45 18 17 0
20 -37 42 0
25 -47 -27 0
16 -28 -26 0
37 -33 -36 0
3 11 44 0
-23 -4 45 0
16 -48 -30 0
28 -37 -3 0
-4 33 24 0
-13 38 -35 0
25 -9 -28 0
36 9 48 0
15 -39 48 0
40 -33 -30 0
-20 -36 33 0
-50 13 -40 0
-37 -24 5 0
25 45 16 0
-43 -23 48 0
49 -30 -21 0
24 -46 -37 0
-33 -25 -49 0
-42 -2 -11 0
-11 -35 24 0
-32 -1 22 0
-27 48 49 0
-28 -27 -8 0
47 -24 42 0
-13 21 -29 0
21 24 1 0
44 -8 4 0
-19 11 -50 0
-26 11 22 0
25 -42 -33 0
-15 -47 30 0
23 9 18 0
16 -12 9 0
43 -15 -2 0
-45 -15 -49 0
46 38 -40 0
-31 -45 40 0
43 -45 -20 0
-9 -36 -39 0
27 -5 7 0
39 37 18 0
-36 -2 -19 0
35 45 -29 0
24 -18 46 0
-8 -35 15 0
2 -16 -40 0
-5 -23 22 0
-15 -12 -50 0
-22 1 -20 0
7 -32 -41 0
-15 -45 11 0
-16 35 -48 0
-48 -13 -18 0
-30 -3 39 0
-49 24 -33 0
-44 38 -30 0
-44 -23 37 0
49 -14 23 0
46 45 -48 0
-37 17 -25 0
-1 -47 -39 0
-14 -30 -10 0
13 43 -25 0
-2 -47 13 0
-18 -14 29 0
-7 -32 -38 0
-48 -39 14 0
-30 11 40 0
9 37 -7 0
-28 6 24 0
-24 -16 -36 0
47 -37 35 0
-6 -38 15 0
-50 33 3 0
29 20 -37 0
-3 -35 -2 0
43 40 39 0
32 -31 19 0
25 19 -2 0
13 -37 -23 0
17 27 11 0
-16 -6 -39 0
38 13 -23 0
36 37 6 0
5 36 -43 0
4 12 -49 0
-44 -27 -15 0
39 -26 30 0
-21 -36 -15 0
-41 -23 -14 0
19 26 4 0
47 -22 26 0
42 -24 3 0
37 -30 -19 0
-14 -33 20 0
-23 -33 48 0
-3 23 -32 0
-8 30 -21 0
33 -26 -14 0
25 44 7 0
-17 31 -3 0
11 17 48 0
40 8 21 0
13 23 -46 0
-50 -7 -46 0
2 -47 21 0

c GPT solve time: 280.01 seconds

SATISFIABLE
20
1
x1=1
x2=1
x3=1
x4=0
x5=0
x6=1
x7=0
x8=0
x9=1
x10=0
x11=0
x12=0
x13=1
x14=1
x15=0
x16=1
x17=0
x18=0
x19=0
x20=0
x21=0
x22=1
x23=0
x24=0
x25=0
x26=0
x27=1
x28=0
x29=0
x30=0
x31=1
x32=0
x33=1
x34=0
x35=0
x36=1
x37=1
x38=0
x39=0
x40=1
x41=0
x42=0
x43=0
x44=0
x45=1
x46=1
x47=1
x48=1
x49=1
x50=1