c Random 3-SAT
c alpha=3.6, N=50, L=180, instance=3818
p cnf 50 180
43 11 32 0
-45 25 50 0
-48 43 -21 0
39 -19 40 0
-10 -22 8 0
17 -25 45 0
25 -50 -43 0
4 27 47 0
-34 25 46 0
-10 46 -18 0
-38 12 44 0
-48 11 42 0
8 -46 -7 0
-2 -44 26 0
-33 -39 -14 0
-41 12 40 0
-43 -36 48 0
33 19 -37 0
-13 -49 10 0
-43 -7 -1 0
50 26 32 0
18 -7 19 0
-31 49 -40 0
-39 -19 -37 0
-43 39 34 0
-7 -38 -21 0
2 26 -18 0
12 8 6 0
-44 43 -19 0
25 -17 -49 0
22 -18 -35 0
-6 -19 34 0
45 44 12 0
47 -43 11 0
-9 49 -50 0
-16 -27 -14 0
25 18 36 0
-4 -12 -1 0
-21 48 49 0
-38 -33 -43 0
-30 -47 31 0
20 8 -30 0
-16 -42 -30 0
32 -15 -11 0
16 30 -39 0
11 28 2 0
35 6 14 0
-14 -10 31 0
-47 -16 -33 0
-39 -35 -4 0
-6 -28 1 0
-23 2 5 0
-17 -38 9 0
29 -36 -17 0
40 -20 30 0
44 -20 29 0
-33 18 -50 0
-36 49 -23 0
50 31 7 0
33 49 -9 0
23 17 -25 0
-13 41 -48 0
-33 -50 -8 0
-4 11 -9 0
-33 7 -28 0
13 -14 -12 0
35 41 -21 0
35 36 -19 0
-7 -5 -30 0
38 13 49 0
21 -28 -7 0
45 37 8 0
35 13 29 0
-19 38 28 0
38 -32 -30 0
20 -17 36 0
16 20 22 0
13 6 -31 0
-10 -35 -13 0
-4 -34 38 0
-12 28 -14 0
29 24 37 0
-12 49 -30 0
-2 -26 1 0
12 -22 -40 0
25 35 16 0
-23 29 -37 0
14 -4 8 0
7 18 23 0
43 -46 3 0
49 -46 12 0
-5 -38 -32 0
-9 17 -16 0
-6 -29 -16 0
-17 46 1 0
-12 16 11 0
14 -5 31 0
22 -37 50 0
-34 -7 6 0
17 30 32 0
6 8 46 0
23 -13 21 0
25 4 39 0
-39 -11 2 0
-7 50 20 0
32 9 18 0
-17 -3 4 0
31 -4 -8 0
-8 23 28 0
-29 28 46 0
-2 9 4 0
30 29 6 0
15 -27 20 0
13 -21 45 0
-29 -33 -36 0
30 -27 -25 0
-6 -24 -15 0
12 -4 3 0
38 34 -21 0
-11 25 20 0
26 -6 -8 0
13 36 31 0
36 -26 14 0
47 26 -36 0
-18 9 41 0
33 -31 48 0
-18 42 -26 0
16 33 -7 0
-35 -20 23 0
48 12 1 0
-14 17 -29 0
18 -20 38 0
-38 -1 -34 0
48 -18 17 0
-13 -39 49 0
-49 40 7 0
-44 42 21 0
-44 -35 -50 0
-1 35 33 0
-34 15 36 0
15 17 -4 0
31 19 48 0
6 -7 10 0
-3 -32 4 0
44 11 -16 0
-7 -5 10 0
21 -17 -42 0
34 -30 44 0
14 7 38 0
39 -6 -10 0
50 31 48 0
15 16 49 0
-34 -1 -6 0
-4 35 -25 0
-27 -40 42 0
13 -48 -1 0
27 -29 -16 0
-25 49 -23 0
9 -12 -25 0
50 -41 45 0
44 4 20 0
-7 42 -24 0
-37 -19 10 0
-40 50 23 0
32 -48 -10 0
22 -14 23 0
-4 -21 -13 0
-23 -40 37 0
27 28 -33 0
-47 -18 -9 0
-29 8 -7 0
5 45 -31 0
-13 32 -26 0
6 -47 -29 0
-11 1 35 0
-6 -38 46 0
15 11 42 0
27 -26 -33 0
-16 46 19 0
38 -35 -44 0

c GPT solve time: 190.65 seconds

SATISFIABLE
25
17
x1=False
x2=True
x3=True
x4=True
x5=True
x6=True
x7=True
x8=True
x9=True
x10=True
x11=True
x12=True
x13=True
x14=False
x15=True
x16=True
x17=True
x18=True
x19=True
x20=True
x21=False
x22=True
x23=True
x24=False
x25=True
x26=True
x27=True
x28=True
x29=True
x30=True
x31=True
x32=True
x33=False
x34=True
x35=True
x36=True
x37=False
x38=True
x39=True
x40=True
x41=True
x42=True
x43=True
x44=True
x45=True
x46=True
x47=True
x48=True
x49=True
x50=False