c Random 3-SAT
c alpha=3.5, N=50, L=175, instance=8935
p cnf 50 175
29 46 21 0
50 -31 47 0
13 24 -1 0
-19 15 5 0
-45 17 48 0
49 28 -1 0
27 -28 -16 0
-35 -16 -27 0
1 -9 -10 0
-19 4 -30 0
9 1 -21 0
-36 8 -15 0
19 -15 26 0
-44 29 34 0
36 -20 -16 0
50 11 -47 0
-5 -21 -12 0
-24 -30 37 0
25 47 15 0
50 -46 -17 0
-49 -27 3 0
-19 -8 -39 0
14 -2 21 0
-13 -36 -49 0
5 -42 -6 0
-28 44 19 0
22 -46 18 0
34 19 17 0
45 -23 25 0
49 -21 -31 0
13 -5 -48 0
13 27 -36 0
-29 20 -45 0
-49 19 42 0
-10 16 -24 0
-43 15 -19 0
-44 -17 -29 0
-36 -9 -39 0
-7 35 -46 0
-22 9 -25 0
-11 21 -7 0
-4 30 -35 0
30 -36 -45 0
-50 -3 -34 0
19 -39 40 0
-11 -12 42 0
3 -28 25 0
8 38 18 0
1 -19 26 0
37 2 -18 0
40 2 10 0
-47 34 -43 0
-9 12 -22 0
-30 -18 9 0
17 22 -31 0
37 -11 5 0
-38 31 -17 0
-49 -50 -16 0
23 16 -33 0
-38 45 -32 0
-7 22 25 0
49 43 -48 0
-19 -24 12 0
-9 -24 -25 0
18 -7 -43 0
46 -39 -32 0
-37 49 -21 0
-2 27 7 0
-15 -50 37 0
34 30 49 0
7 46 -3 0
-16 -42 -30 0
10 -20 -23 0
50 24 38 0
-41 35 44 0
-28 50 32 0
-13 -28 -40 0
18 -22 17 0
40 -11 -45 0
36 -16 13 0
-42 20 38 0
4 -14 50 0
29 43 8 0
-30 -38 49 0
-6 5 -21 0
39 -46 -20 0
47 -41 44 0
-48 -23 -20 0
-18 22 35 0
-5 -45 -6 0
-30 25 -6 0
19 -21 12 0
30 42 40 0
35 39 -38 0
1 23 -49 0
36 15 -11 0
-23 47 -15 0
15 39 49 0
9 32 2 0
8 11 -16 0
-13 -34 7 0
32 13 -1 0
-33 37 38 0
7 3 38 0
9 8 -20 0
18 13 21 0
10 21 -5 0
12 -49 -25 0
30 26 4 0
8 -34 -6 0
31 28 9 0
-35 40 -50 0
-35 -26 4 0
46 47 -12 0
-35 -15 -34 0
-40 -48 11 0
43 -49 11 0
-46 -26 6 0
46 41 17 0
-37 -24 -10 0
-12 42 20 0
4 -20 -49 0
26 1 7 0
-15 44 -26 0
32 16 -12 0
-26 -18 -31 0
-48 -13 12 0
41 -32 38 0
42 33 48 0
-14 -44 4 0
34 13 -27 0
-35 -25 -10 0
-7 -18 -34 0
-11 -37 -21 0
16 -37 3 0
-47 17 1 0
12 1 -28 0
47 27 48 0
-2 -27 45 0
-37 5 38 0
16 49 50 0
-19 -20 -21 0
-38 -20 45 0
35 42 -1 0
38 -22 -5 0
-37 5 -35 0
-39 -30 7 0
50 26 33 0
18 11 -22 0
-47 2 42 0
27 45 42 0
-28 -26 38 0
42 24 11 0
19 40 -18 0
30 -27 -16 0
34 3 -43 0
12 -36 -6 0
-23 8 -44 0
2 -1 30 0
-16 23 -31 0
-3 34 24 0
29 47 -13 0
-30 11 -22 0
3 43 32 0
-25 -13 -12 0
-6 -3 -48 0
26 -3 -11 0
8 -14 -15 0
35 -38 32 0
24 -32 -38 0
1 29 -16 0
3 -27 -43 0
50 40 6 0
16 4 -6 0
1 -9 36 0

c GPT solve time: 210.33 seconds

SATISFIABLE
11
1
x1 = F  
x2 = F  
x3 = F  
x4 = F  
x5 = F  
x6 = F  
x7 = F  
x8 = T  
x9 = F  
x10 = F  
x11 = T  
x12 = F  
x13 = F  
x14 = F  
x15 = T  
x16 = F  
x17 = F  
x18 = F  
x19 = F  
x20 = F  
x21 = F  
x22 = F  
x23 = F  
x24 = F  
x25 = T  
x26 = T  
x27 = F  
x28 = F  
x29 = T  
x30 = F  
x31 = F  
x32 = F  
x33 = F  
x34 = T  
x35 = F  
x36 = F  
x37 = F  
x38 = F  
x39 = F  
x40 = T  
x41 = F  
x42 = F  
x43 = T  
x44 = T  
x45 = F  
x46 = F  
x47 = F  
x48 = F  
x49 = F  
x50 = T