c Random 3-SAT
c alpha=3.6, N=50, L=180, instance=5434
p cnf 50 180
41 -50 -14 0
47 1 -26 0
16 -9 49 0
45 34 -4 0
-7 31 -5 0
24 -30 26 0
19 -39 5 0
-26 -12 28 0
-23 -2 9 0
-12 16 9 0
45 -32 9 0
-30 41 -50 0
-14 -5 25 0
45 -26 25 0
10 21 7 0
2 -10 48 0
-29 41 25 0
-49 -26 47 0
29 7 32 0
32 -35 29 0
20 -24 32 0
-28 16 49 0
37 -19 28 0
47 10 -26 0
3 17 21 0
19 9 -5 0
-42 24 -2 0
-47 -25 49 0
9 47 7 0
-17 8 -9 0
-44 11 -8 0
21 -47 -7 0
-44 22 -6 0
36 26 -11 0
-32 -4 -6 0
-45 22 28 0
-29 -45 43 0
-42 -30 -7 0
3 -6 8 0
39 -4 8 0
17 -13 -11 0
40 -48 27 0
-49 -25 46 0
5 32 28 0
39 21 8 0
-47 -14 -35 0
-40 44 27 0
-21 33 -32 0
40 50 -45 0
10 -19 32 0
-5 -30 40 0
-16 -48 26 0
37 -18 -50 0
47 12 40 0
-14 13 4 0
-33 46 -12 0
-27 -49 10 0
-9 35 16 0
-6 -27 34 0
-6 19 4 0
15 30 44 0
-31 -38 19 0
-19 29 -15 0
48 -46 -34 0
32 -10 -12 0
20 -32 -34 0
-1 45 -25 0
34 7 11 0
-46 33 23 0
-24 2 -32 0
-47 -13 -44 0
-8 -29 -36 0
6 -29 -32 0
-17 13 42 0
6 -16 47 0
-48 -40 12 0
-42 24 45 0
-2 34 -8 0
41 -19 36 0
14 -11 -21 0
-34 -16 -48 0
18 36 -31 0
-43 25 -37 0
4 19 32 0
27 3 -16 0
29 34 4 0
27 -2 -32 0
42 -39 11 0
47 -20 30 0
50 28 -26 0
-9 -31 -22 0
-30 -16 22 0
-42 -49 21 0
32 -21 -19 0
-33 47 28 0
-34 35 5 0
17 -38 40 0
-21 41 -39 0
35 42 38 0
-22 -20 -15 0
-49 -6 38 0
-2 -44 22 0
-28 -27 -14 0
-12 -41 25 0
-40 35 -25 0
17 -19 1 0
26 -37 33 0
18 45 -22 0
-5 -4 -40 0
44 11 -38 0
8 -10 -17 0
-31 5 -48 0
-46 -12 -42 0
46 -28 2 0
15 28 -49 0
28 -27 -25 0
-33 26 43 0
-1 45 -13 0
31 -2 6 0
-2 7 -20 0
-34 6 -39 0
29 9 18 0
23 -13 -29 0
-8 -50 -33 0
-4 8 -2 0
2 -4 -13 0
-18 22 44 0
49 8 -34 0
26 -8 -4 0
-44 -14 47 0
20 -39 47 0
12 -15 31 0
48 12 -19 0
-17 24 38 0
46 25 -14 0
49 2 13 0
-27 7 6 0
38 -11 -46 0
12 30 35 0
-14 -15 -4 0
-13 34 -20 0
-30 -39 20 0
-21 -43 -22 0
9 -5 -13 0
-11 -23 -26 0
-41 -23 -3 0
22 5 41 0
-12 11 -1 0
21 -46 -35 0
26 21 47 0
39 24 -43 0
49 35 31 0
-9 40 -47 0
46 -3 5 0
29 -14 17 0
-9 20 19 0
50 -22 39 0
-19 -49 23 0
-3 -13 10 0
-25 47 38 0
-18 48 50 0
-6 35 17 0
33 -41 -9 0
41 37 17 0
-27 -32 14 0
50 29 -40 0
26 -24 -38 0
-28 11 -43 0
23 29 17 0
-42 15 -33 0
30 34 14 0
39 23 34 0
-35 -46 17 0
-28 -48 29 0
-6 36 -10 0
8 46 38 0
-26 28 -44 0
-15 9 23 0
-22 32 20 0
-6 41 -23 0

c GPT solve time: 155.65 seconds

SATISFIABLE  
15  
0  
x1 = F  
x2 = F  
x3 = T  
x4 = F  
x5 = T  
x6 = F  
x7 = F  
x8 = T  
x9 = T  
x10 = F  
x11 = F  
x12 = T  
x13 = F  
x14 = T  
x15 = T  
x16 = F  
x17 = T  
x18 = F  
x19 = T  
x20 = F  
x21 = F  
x22 = F  
x23 = T  
x24 = F  
x25 = F  
x26 = F  
x27 = F  
x28 = F  
x29 = T  
x30 = F  
x31 = F  
x32 = F  
x33 = F  
x34 = F  
x35 = F  
x36 = F  
x37 = F  
x38 = T  
x39 = F  
x40 = F  
x41 = F  
x42 = F  
x43 = F  
x44 = F  
x45 = F  
x46 = F  
x47 = F  
x48 = F  
x49 = F  
x50 = F