c Random 3-SAT
c alpha=3.6, N=50, L=180, instance=9774
p cnf 50 180
26 -25 -32 0
35 -34 -23 0
-33 -43 -40 0
22 -44 -42 0
-33 -43 45 0
7 -32 23 0
18 -15 32 0
38 28 20 0
4 31 47 0
-26 -35 -43 0
9 8 36 0
39 -6 19 0
49 -35 46 0
12 -50 22 0
-18 -44 8 0
-50 -3 -46 0
42 -43 14 0
23 28 -39 0
40 -22 37 0
40 -3 -35 0
39 38 -10 0
8 41 -15 0
25 30 -42 0
-8 7 24 0
33 12 -44 0
-23 16 -50 0
-6 -10 -11 0
-48 -40 -43 0
-3 -27 9 0
24 42 27 0
47 5 -44 0
-13 3 -36 0
26 -36 -43 0
21 11 40 0
-19 36 -47 0
26 42 50 0
44 -16 -36 0
17 -33 20 0
27 -30 -2 0
36 -45 -49 0
-23 5 50 0
-26 -12 -40 0
-49 22 24 0
11 -17 -27 0
-30 42 36 0
-46 -44 1 0
-16 40 43 0
44 -48 -32 0
44 48 -1 0
12 43 -30 0
49 28 -48 0
-40 46 -41 0
10 14 -23 0
19 17 48 0
38 -18 -8 0
-16 -47 -49 0
-31 37 -13 0
2 17 -42 0
-24 -7 -44 0
-7 35 -31 0
49 -3 -5 0
14 -25 -32 0
32 30 4 0
28 41 31 0
21 -42 -17 0
-44 -21 -46 0
10 -36 2 0
41 -40 35 0
-2 23 -11 0
25 -43 -47 0
-45 27 25 0
25 3 38 0
21 46 -9 0
-41 31 1 0
38 -31 -20 0
24 -38 32 0
-7 -45 -5 0
-25 14 -43 0
-11 -32 -27 0
-32 48 4 0
-26 -13 -34 0
-10 43 37 0
-5 40 -19 0
15 31 17 0
-24 -45 50 0
16 44 -22 0
5 34 29 0
-40 17 32 0
-1 6 43 0
-26 -42 2 0
22 -19 25 0
-12 -36 35 0
-17 37 -46 0
22 -5 -49 0
50 -13 -42 0
-2 -4 23 0
-14 -24 -26 0
19 -49 -45 0
31 -14 -29 0
20 43 -25 0
-29 -27 44 0
-38 30 19 0
-5 -27 -15 0
49 -6 45 0
-20 16 -34 0
13 12 23 0
-29 -4 8 0
13 23 -38 0
17 44 -22 0
-17 32 -6 0
1 -20 27 0
14 -46 25 0
-19 -32 -37 0
18 6 33 0
-4 -46 25 0
-39 -21 -43 0
-48 20 25 0
-42 -28 -19 0
12 46 -18 0
-10 -25 44 0
-48 -7 33 0
33 -41 -42 0
39 -41 32 0
-38 23 -9 0
-40 29 36 0
-33 -13 10 0
33 -13 34 0
39 -16 18 0
-33 31 30 0
-11 -15 16 0
46 -5 42 0
-34 -47 3 0
-36 -18 26 0
1 -27 -43 0
41 11 -12 0
38 32 -43 0
34 -35 -44 0
-10 38 -24 0
50 12 -26 0
-32 -36 28 0
-35 23 -7 0
-39 3 31 0
10 42 -19 0
11 -38 -44 0
-8 24 -47 0
-28 14 2 0
-42 26 -35 0
12 48 -34 0
43 -33 -49 0
14 -34 -46 0
-28 44 -26 0
-43 42 -11 0
-14 33 -30 0
-32 13 28 0
-44 -47 -42 0
43 15 36 0
-34 43 31 0
-38 34 41 0
10 23 -43 0
6 41 26 0
-16 41 42 0
49 16 -23 0
5 -9 3 0
-38 40 49 0
-18 7 -33 0
40 4 -16 0
-24 38 48 0
-37 -26 -16 0
15 -39 -32 0
24 14 17 0
-39 -33 -17 0
25 24 47 0
-48 -24 -16 0
3 45 -22 0
-36 48 -25 0
1 29 47 0
38 40 13 0
45 -11 47 0
-10 23 47 0
-9 8 -36 0

c GPT solve time: 208.62 seconds

SATISFIABLE
23
0
x1 = True
x2 = False
x3 = False
x4 = True
x5 = True
x6 = False
x7 = True
x8 = False
x9 = True
x10 = False
x11 = False
x12 = True
x13 = True
x14 = True
x15 = False
x16 = True
x17 = True
x18 = True
x19 = False
x20 = False
x21 = True
x22 = False
x23 = True
x24 = True
x25 = False
x26 = True
x27 = False
x28 = True
x29 = False
x30 = True
x31 = False
x32 = False
x33 = True
x34 = False
x35 = False
x36 = False
x37 = False
x38 = True
x39 = False
x40 = True
x41 = True
x42 = True
x43 = True
x44 = True
x45 = False
x46 = False
x47 = False
x48 = False
x49 = False
x50 = False