c Random 3-SAT
c alpha=3.6, N=50, L=180, instance=7163
p cnf 50 180
-44 -10 -45 0
5 -24 47 0
19 10 -25 0
-6 -32 -7 0
45 36 -40 0
-15 38 44 0
13 -38 25 0
7 36 9 0
-13 30 -4 0
-6 47 -40 0
-34 -22 -29 0
-36 -41 -45 0
-44 24 46 0
4 44 5 0
-6 -45 -36 0
8 25 31 0
-46 16 -47 0
3 -30 -1 0
-26 -27 50 0
43 -6 31 0
15 26 -18 0
-45 -40 -39 0
-25 -35 38 0
37 -17 -39 0
37 -43 -38 0
-21 4 -40 0
-35 28 20 0
5 46 31 0
32 -16 -40 0
-29 -24 32 0
43 6 -27 0
-16 -18 -5 0
-7 -3 -28 0
-22 44 -20 0
10 44 -41 0
33 47 48 0
7 -22 -21 0
4 -11 39 0
-16 -7 -17 0
42 40 24 0
-32 34 27 0
-10 -4 -22 0
31 14 -38 0
49 -27 24 0
-6 27 -19 0
21 -8 30 0
40 -48 18 0
-46 38 -30 0
21 14 34 0
-9 33 35 0
16 33 -44 0
-1 43 -26 0
45 -17 12 0
28 -5 -27 0
26 39 -50 0
12 -38 -24 0
2 -49 10 0
48 18 -16 0
3 -33 2 0
-20 -40 24 0
26 -23 44 0
19 24 11 0
-35 22 48 0
-14 -5 39 0
27 6 21 0
-23 33 45 0
-7 -17 35 0
4 33 -40 0
43 5 -49 0
-25 31 44 0
10 48 -23 0
-32 -29 41 0
-39 36 -14 0
42 -29 21 0
25 -24 -27 0
-49 -44 -6 0
5 9 -44 0
27 11 47 0
-29 24 -14 0
-31 -32 4 0
48 44 -47 0
-1 -50 5 0
-21 -18 15 0
-24 -35 21 0
36 -3 27 0
-17 2 -12 0
18 15 -2 0
1 49 43 0
-27 47 22 0
14 21 6 0
46 -21 -36 0
-40 -25 -38 0
-4 -18 25 0
-20 -17 -8 0
-50 49 -5 0
42 27 1 0
-8 -48 -11 0
-7 -3 50 0
50 -39 49 0
-14 28 -1 0
-34 -17 -10 0
-36 -13 19 0
47 -26 35 0
-40 -26 -19 0
-25 -49 12 0
-8 29 17 0
-5 1 -10 0
-3 9 36 0
-23 15 1 0
-42 -35 45 0
18 23 -9 0
-21 44 -11 0
29 48 8 0
-27 1 35 0
-15 -1 -10 0
-6 -8 19 0
14 45 46 0
-18 46 -43 0
-46 15 2 0
35 -40 20 0
-50 31 -19 0
35 -26 -37 0
20 -1 22 0
22 25 32 0
-11 32 16 0
-39 -6 -21 0
-17 -26 40 0
2 47 19 0
-47 -23 -25 0
16 -18 -5 0
3 37 32 0
23 -47 32 0
-35 19 3 0
-41 25 -24 0
-50 -31 -47 0
-15 11 -13 0
50 -20 32 0
5 -33 -41 0
-43 12 -37 0
50 46 10 0
-47 -46 32 0
-5 38 33 0
-32 39 10 0
-12 -30 -32 0
-15 27 29 0
-29 21 4 0
-36 -40 22 0
-25 -32 -37 0
-23 19 37 0
42 -5 7 0
-45 36 -39 0
-35 15 -47 0
30 10 -1 0
13 -1 -42 0
-25 1 19 0
-39 -34 15 0
-2 13 -45 0
40 -7 18 0
-23 -22 -49 0
1 -22 32 0
32 1 -11 0
22 20 -11 0
-32 -5 -45 0
12 48 -28 0
35 -23 -14 0
-36 -25 -43 0
-9 -44 -41 0
-41 -35 -17 0
-25 38 4 0
43 18 22 0
-29 32 20 0
-30 -1 -37 0
2 33 15 0
-40 47 2 0
1 24 19 0
-22 -19 47 0
-49 -8 -42 0
6 -31 42 0
-48 -25 45 0
-33 45 -41 0

c GPT solve time: 253.08 seconds

SATISFIABLE  
23  
1  
x1 = false  
x2 = false  
x3 = false  
x4 = true  
x5 = true  
x6 = false  
x7 = true  
x8 = true  
x9 = false  
x10 = true  
x11 = false  
x12 = false  
x13 = false  
x14 = false  
x15 = false  
x16 = false  
x17 = false  
x18 = false  
x19 = false  
x20 = true  
x21 = true  
x22 = false  
x23 = false  
x24 = true  
x25 = false  
x26 = true  
x27 = false  
x28 = true  
x29 = false  
x30 = false  
x31 = false  
x32 = true  
x33 = false  
x34 = true  
x35 = false  
x36 = false  
x37 = false  
x38 = false  
x39 = false  
x40 = true  
x41 = false  
x42 = false  
x43 = false  
x44 = false  
x45 = true  
x46 = false  
x47 = true  
x48 = true  
x49 = true  
x50 = false