c Random 3-SAT
c alpha=3.7, N=50, L=185, instance=785
p cnf 50 185
17 11 -35 0
-21 -6 15 0
-33 -42 -36 0
44 49 26 0
-6 -25 -2 0
17 7 30 0
-14 -3 33 0
-10 6 -7 0
27 10 -46 0
-24 22 29 0
-43 22 14 0
3 45 5 0
-33 38 26 0
19 17 30 0
19 9 25 0
7 -15 1 0
4 -5 -23 0
46 29 49 0
-34 48 -8 0
21 -46 -29 0
16 -11 26 0
15 -8 13 0
36 -46 -13 0
-43 10 -5 0
-37 5 38 0
50 21 -5 0
-38 15 49 0
20 22 44 0
-46 -18 -44 0
-50 -16 46 0
45 31 35 0
-41 -13 50 0
-14 44 6 0
-40 14 -27 0
-34 9 16 0
25 46 -27 0
-19 -12 -1 0
-49 34 35 0
20 -23 2 0
-3 16 -13 0
43 -2 -36 0
31 -42 -45 0
23 -6 -49 0
2 -33 4 0
-44 16 -48 0
33 4 -34 0
3 6 -38 0
32 -23 41 0
5 30 21 0
26 -25 -9 0
34 29 -31 0
43 10 -4 0
-17 26 31 0
-3 24 42 0
38 -43 -19 0
9 21 37 0
-11 19 -47 0
-25 6 -32 0
47 -45 12 0
-5 -34 -31 0
1 -28 -24 0
10 8 -29 0
-3 42 -2 0
34 42 -41 0
-1 -10 38 0
44 24 -32 0
9 -43 36 0
-34 14 -15 0
-23 11 22 0
-33 -15 -46 0
-34 33 45 0
13 27 10 0
-36 14 23 0
15 -47 37 0
37 -30 -21 0
-4 8 9 0
17 18 -9 0
-7 22 10 0
22 -33 50 0
17 35 -5 0
-38 -42 -24 0
-10 8 -45 0
-43 -47 -22 0
-27 15 31 0
-29 15 -3 0
-34 42 -46 0
42 8 46 0
43 6 -34 0
38 44 5 0
9 21 45 0
28 -42 -14 0
30 -2 12 0
8 24 27 0
-23 42 -3 0
-46 -21 -45 0
46 38 -34 0
-33 42 -18 0
-32 -18 10 0
11 -3 -15 0
-38 11 -10 0
-28 -30 8 0
-22 -18 45 0
-10 28 -43 0
25 -22 30 0
-29 -13 -16 0
28 -7 -37 0
10 1 47 0
24 46 38 0
-38 -36 10 0
-45 11 -3 0
50 -20 -11 0
17 41 21 0
-15 35 37 0
-29 40 10 0
-9 29 -25 0
-17 27 46 0
22 47 35 0
-45 14 -41 0
19 -48 -44 0
-37 16 34 0
-33 50 32 0
35 45 39 0
-50 -32 -7 0
20 -42 44 0
39 -37 -49 0
-38 35 5 0
-37 -44 40 0
-5 33 38 0
33 5 -17 0
39 45 7 0
50 41 -45 0
-14 -2 -6 0
-31 -7 -44 0
-39 -12 23 0
4 -7 17 0
29 -7 -6 0
-12 -35 37 0
-30 -22 -21 0
-19 -47 27 0
-1 -17 23 0
-35 -6 -27 0
11 22 -26 0
49 36 43 0
-6 24 19 0
-40 -13 -43 0
-2 9 -31 0
-12 41 39 0
23 -48 21 0
-46 -15 11 0
29 21 -8 0
21 -11 9 0
7 4 40 0
-12 21 -37 0
3 8 -7 0
31 11 38 0
38 -40 -5 0
-6 3 25 0
34 43 2 0
-48 22 30 0
37 -2 27 0
20 27 22 0
25 29 47 0
21 28 50 0
31 -39 -21 0
3 30 -26 0
39 43 -10 0
27 30 -13 0
3 20 5 0
27 -31 10 0
24 -36 35 0
-25 -7 19 0
-43 -36 48 0
34 50 35 0
-8 -6 -37 0
-29 45 -10 0
-29 8 -20 0
11 41 26 0
34 -47 -13 0
27 44 -45 0
-50 -27 48 0
30 -37 20 0
29 28 -9 0
-2 -50 40 0
-27 -4 -39 0
16 9 50 0

c GPT solve time: 54.90 seconds

SATISFIABLE
36
10
x1=T
x2=F
x3=T
x4=T
x5=F
x6=F
x7=T
x8=F
x9=T
x10=F
x11=F
x12=T
x13=T
x14=F
x15=T
x16=T
x17=F
x18=F
x19=T
x20=T
x21=F
x22=T
x23=F
x24=F
x25=T
x26=F
x27=T
x28=T
x29=F
x30=T
x31=F
x32=F
x33=T
x34=F
x35=F
x36=F
x37=F
x38=T
x39=F
x40=T
x41=F
x42=T
x43=F
x44=T
x45=F
x46=F
x47=T
x48=F
x49=F
x50=T