c Random 3-SAT
c alpha=3.6, N=50, L=180, instance=2402
p cnf 50 180
15 42 32 0
-5 39 -47 0
-25 -16 13 0
-10 -6 -9 0
12 -1 35 0
-43 -36 3 0
-3 -35 43 0
15 50 29 0
38 -46 19 0
-19 -26 -35 0
-36 32 9 0
30 32 3 0
-14 34 -42 0
-24 28 -21 0
13 3 21 0
-11 -50 43 0
-34 -48 9 0
17 16 -4 0
29 14 23 0
-40 -41 21 0
-46 32 -8 0
-11 10 -22 0
-22 -17 38 0
-18 -42 27 0
17 -8 27 0
48 -25 20 0
-27 35 3 0
9 24 39 0
-44 20 -50 0
-43 -33 -41 0
-6 -36 42 0
-39 -5 41 0
-2 30 18 0
-13 -38 -45 0
34 13 -26 0
30 45 -37 0
5 15 -18 0
-4 -17 -7 0
32 -3 36 0
-45 -12 5 0
16 -22 -33 0
12 -37 9 0
23 -14 -46 0
12 47 21 0
-14 -38 -47 0
-10 -31 14 0
-32 -13 30 0
19 42 -29 0
-9 30 -40 0
-17 -40 22 0
-20 -42 -43 0
15 28 -29 0
-39 16 -1 0
42 -35 -27 0
42 -9 -34 0
45 28 26 0
23 37 -6 0
42 10 8 0
19 -28 1 0
-34 42 26 0
40 -27 25 0
-40 30 -12 0
48 4 -26 0
-7 13 37 0
-23 -31 25 0
32 31 11 0
20 44 -14 0
-33 -16 4 0
37 -27 -12 0
39 18 -27 0
-7 -37 18 0
-33 -25 -23 0
2 24 7 0
48 44 -26 0
37 -50 -4 0
9 -21 -37 0
47 5 25 0
43 2 -17 0
-44 29 40 0
-48 -7 21 0
-11 -13 -10 0
-42 -17 47 0
12 11 -43 0
-39 -42 -46 0
-20 24 1 0
-5 -9 28 0
-35 25 7 0
-2 -35 -42 0
43 -47 -6 0
50 -7 21 0
-42 -29 26 0
28 8 6 0
-37 31 -8 0
-25 -13 47 0
-10 -38 -14 0
-40 -48 46 0
48 14 35 0
43 -11 24 0
27 -12 32 0
47 -5 -27 0
38 22 14 0
9 -10 4 0
29 -25 -36 0
-26 18 48 0
-29 -14 -7 0
4 -13 -2 0
-20 50 -35 0
-6 -42 -35 0
-29 -25 -22 0
15 -1 32 0
-41 19 -33 0
-30 45 41 0
48 25 -47 0
42 26 -49 0
4 -3 22 0
-29 -30 -15 0
-50 21 14 0
-32 -41 -38 0
45 -28 -46 0
-13 38 -37 0
7 -15 -28 0
-36 28 11 0
46 -5 -13 0
48 18 25 0
36 42 31 0
44 -47 -7 0
-1 -49 23 0
28 -14 -13 0
1 -21 47 0
45 -6 25 0
-28 47 13 0
20 4 1 0
-17 -48 -33 0
-35 42 4 0
-36 -15 -43 0
19 41 -18 0
-10 -45 -17 0
-12 19 49 0
-15 -26 -9 0
33 3 20 0
35 10 -14 0
-25 -1 4 0
5 -32 21 0
-36 -33 48 0
28 11 6 0
-11 -12 49 0
-22 -25 -9 0
-24 -43 -18 0
40 -3 -50 0
-31 -32 16 0
3 -24 -47 0
34 -32 18 0
-23 25 50 0
8 -1 37 0
33 48 43 0
-23 -6 -26 0
-37 14 13 0
-14 31 17 0
-32 22 20 0
-18 -25 26 0
1 -26 33 0
4 15 -37 0
2 -9 -7 0
-23 -50 45 0
17 24 22 0
-15 7 19 0
30 13 12 0
13 -30 -45 0
-46 27 22 0
-8 -11 -22 0
7 -20 43 0
18 -30 -3 0
40 20 15 0
8 9 -5 0
19 3 7 0
-24 -14 9 0
-30 -44 -7 0
-20 -47 -39 0
8 33 35 0
20 6 17 0

c GPT solve time: 132.52 seconds

SATISFIABLE
76
29
x1 = TRUE
x2 = TRUE
x3 = FALSE
x4 = TRUE
x5 = FALSE
x6 = TRUE
x7 = TRUE
x8 = TRUE
x9 = TRUE
x10 = FALSE
x11 = FALSE
x12 = TRUE
x13 = TRUE
x14 = TRUE
x15 = TRUE
x16 = TRUE
x17 = TRUE
x18 = TRUE
x19 = FALSE
x20 = TRUE
x21 = TRUE
x22 = FALSE
x23 = TRUE
x24 = TRUE
x25 = FALSE
x26 = TRUE
x27 = TRUE
x28 = TRUE
x29 = TRUE
x30 = TRUE
x31 = TRUE
x32 = TRUE
x33 = TRUE
x34 = TRUE
x35 = TRUE
x36 = TRUE
x37 = TRUE
x38 = TRUE
x39 = TRUE
x40 = TRUE
x41 = TRUE
x42 = TRUE
x43 = FALSE
x44 = TRUE
x45 = TRUE
x46 = TRUE
x47 = TRUE
x48 = TRUE
x49 = TRUE
x50 = TRUE