c Random 3-SAT
c alpha=3.6, N=50, L=180, instance=200
p cnf 50 180
-48 11 -7 0
4 -35 39 0
36 -5 32 0
30 -6 38 0
40 -35 25 0
-8 -44 -41 0
-38 -31 -50 0
-17 -42 49 0
24 -2 21 0
4 -19 -46 0
-10 30 33 0
-8 22 44 0
-45 32 1 0
24 27 19 0
-4 -2 -30 0
-1 18 28 0
31 32 -22 0
-8 10 33 0
13 18 -31 0
29 6 -14 0
-19 40 31 0
-33 2 -38 0
38 -19 4 0
15 50 -39 0
30 -45 22 0
-49 -31 18 0
27 -37 -36 0
-44 28 36 0
-6 -41 -39 0
3 -39 -31 0
50 20 -12 0
32 -20 5 0
30 29 -35 0
9 -10 37 0
33 11 34 0
45 10 24 0
43 40 -29 0
35 36 -31 0
10 -2 18 0
-9 -38 44 0
35 20 -12 0
-20 -2 41 0
-27 39 25 0
-31 13 50 0
-43 15 12 0
-36 46 -48 0
-4 -23 -33 0
43 20 -4 0
-42 2 44 0
-1 -9 -50 0
-18 -20 35 0
43 -15 -35 0
19 -23 -45 0
-33 -21 46 0
33 34 -10 0
17 34 -19 0
7 15 5 0
35 45 -46 0
3 47 12 0
31 -50 35 0
50 -13 3 0
22 36 25 0
-50 -24 30 0
-10 25 -38 0
-7 -22 -23 0
-37 4 -19 0
27 -44 15 0
45 -24 -19 0
-26 14 -49 0
29 42 -50 0
-2 30 10 0
-31 17 38 0
48 -25 42 0
-13 -6 42 0
-1 -43 39 0
38 -30 -16 0
27 20 -4 0
-42 -14 33 0
18 -37 -41 0
-16 18 2 0
4 -6 11 0
-5 43 -37 0
21 -37 41 0
-23 4 39 0
37 -38 -46 0
-18 33 10 0
4 -46 -15 0
32 -47 -45 0
-25 46 34 0
20 3 1 0
50 -21 4 0
-42 -45 -41 0
41 18 21 0
-42 29 27 0
-37 10 -30 0
-5 -18 -47 0
47 -50 -26 0
41 25 28 0
-2 22 -48 0
49 -32 -8 0
30 46 48 0
-47 -14 -37 0
-16 33 43 0
-2 -37 11 0
-24 18 -47 0
1 -39 -5 0
-9 -27 -43 0
-14 24 17 0
-35 47 -10 0
15 42 -46 0
44 24 48 0
-6 -15 20 0
-5 -3 -42 0
-29 12 -45 0
41 26 32 0
24 14 -27 0
50 45 31 0
43 -33 6 0
-27 -23 19 0
-42 12 -35 0
20 50 -31 0
-5 -4 42 0
-37 49 -11 0
19 21 48 0
-8 -3 34 0
-40 -32 20 0
49 -32 2 0
29 -36 -14 0
45 9 15 0
17 -23 -26 0
37 46 -40 0
-9 7 -17 0
-18 -31 19 0
-32 29 31 0
-20 36 45 0
-48 -33 28 0
-12 5 -28 0
-4 6 -47 0
8 -46 -49 0
-32 -27 31 0
-21 8 -42 0
-15 35 -16 0
-15 -34 -47 0
38 -44 -8 0
-27 -11 48 0
-28 -17 -23 0
26 -13 -32 0
-7 3 2 0
36 -17 -11 0
-30 2 -26 0
-41 -28 49 0
22 23 -24 0
19 22 -48 0
-2 -9 20 0
-24 -43 -6 0
19 -4 44 0
40 -29 -46 0
26 -19 -50 0
-37 42 47 0
-35 21 19 0
-3 14 42 0
-36 29 -34 0
35 17 -26 0
35 12 17 0
-43 -41 -14 0
28 7 17 0
-29 10 23 0
40 9 30 0
-30 -32 17 0
-32 42 29 0
-37 -22 -13 0
28 -12 -22 0
-25 -16 -10 0
-30 -50 37 0
-40 -47 -33 0
19 14 17 0
42 39 -36 0
-16 -38 32 0
33 9 16 0
43 5 -2 0

c GPT solve time: 227.05 seconds

SATISFIABLE  
47  
23  
x1 = FALSE  
x2 = FALSE  
x3 = TRUE  
x4 = TRUE  
x5 = TRUE  
x6 = FALSE  
x7 = FALSE  
x8 = FALSE  
x9 = FALSE  
x10 = FALSE  
x11 = TRUE  
x12 = FALSE  
x13 = FALSE  
x14 = FALSE  
x15 = FALSE  
x16 = FALSE  
x17 = TRUE  
x18 = FALSE  
x19 = TRUE  
x20 = TRUE  
x21 = TRUE  
x22 = FALSE  
x23 = FALSE  
x24 = TRUE  
x25 = FALSE  
x26 = FALSE  
x27 = FALSE  
x28 = FALSE  
x29 = FALSE  
x30 = TRUE  
x31 = FALSE  
x32 = TRUE  
x33 = FALSE  
x34 = FALSE  
x35 = TRUE  
x36 = FALSE  
x37 = FALSE  
x38 = FALSE  
x39 = FALSE  
x40 = TRUE  
x41 = FALSE  
x42 = FALSE  
x43 = FALSE  
x44 = FALSE  
x45 = FALSE  
x46 = FALSE  
x47 = FALSE  
x48 = FALSE  
x49 = FALSE  
x50 = FALSE