c Random 3-SAT
c alpha=3.6, N=50, L=180, instance=8258
p cnf 50 180
16 -3 -34 0
-35 -18 45 0
50 3 27 0
40 20 18 0
8 -3 -47 0
-36 31 -7 0
-33 32 -41 0
-4 2 -42 0
18 26 -13 0
31 25 13 0
47 24 -6 0
14 -44 -46 0
-5 3 -47 0
39 -24 46 0
-31 34 -45 0
-49 34 2 0
33 49 26 0
2 -32 -41 0
-44 -25 -20 0
35 28 -39 0
-28 -9 20 0
48 36 3 0
-18 -8 20 0
-31 4 2 0
-6 49 -44 0
31 -38 19 0
-10 -30 44 0
-21 -8 38 0
-13 45 -5 0
-47 30 -35 0
-49 23 35 0
-14 50 -27 0
40 23 31 0
-13 -20 38 0
10 -7 -45 0
15 21 -49 0
-15 31 -44 0
35 -34 -20 0
12 -33 -50 0
-9 35 5 0
-3 -2 -31 0
-19 -40 -39 0
33 -14 -16 0
-41 6 -42 0
-35 26 7 0
49 8 -43 0
44 14 8 0
19 -20 -44 0
-25 -2 45 0
5 10 -27 0
24 35 26 0
-12 -49 2 0
8 -48 10 0
-3 13 8 0
-17 -40 34 0
28 42 -25 0
-30 -19 -48 0
-18 6 -40 0
41 -42 43 0
47 46 -8 0
-30 -35 -22 0
3 27 -39 0
-15 7 41 0
37 -39 -50 0
-6 -36 -38 0
8 -15 10 0
28 36 25 0
-25 -19 -14 0
20 17 6 0
-23 2 -33 0
44 17 22 0
39 40 -37 0
34 -35 -16 0
-39 -25 48 0
46 -50 26 0
-45 -32 -38 0
37 23 29 0
-12 -5 -26 0
-29 6 -15 0
-36 21 -35 0
-27 -10 -24 0
-33 48 -21 0
24 23 -16 0
-12 29 -42 0
-12 21 -13 0
-42 -32 48 0
-38 33 32 0
-28 -11 -12 0
-33 -17 -35 0
22 10 -2 0
-29 17 38 0
7 -40 -27 0
-30 34 18 0
-46 48 42 0
31 -25 -1 0
-47 -3 6 0
-26 6 40 0
31 15 20 0
-1 43 -16 0
35 16 27 0
10 -39 40 0
-15 -18 11 0
47 -6 -46 0
20 50 6 0
-32 -35 -20 0
-46 38 28 0
-1 -12 37 0
22 -20 -32 0
43 -16 15 0
11 -48 -38 0
-25 13 50 0
7 23 -8 0
4 -41 40 0
-29 24 -12 0
17 -20 7 0
-17 -34 -44 0
-44 35 -37 0
10 -14 41 0
21 27 6 0
-25 -37 -40 0
-6 -12 -22 0
16 -32 -11 0
48 41 44 0
46 36 28 0
42 -23 15 0
-2 23 17 0
16 12 -47 0
-16 10 -37 0
12 30 -3 0
27 -25 50 0
-38 10 14 0
3 -49 40 0
23 5 7 0
-14 -15 11 0
-7 8 -41 0
45 -37 -35 0
-46 48 -8 0
-48 -24 23 0
-46 -50 -26 0
-1 33 -29 0
19 45 -49 0
-27 -20 -2 0
-12 -11 44 0
-10 -27 -29 0
32 -34 -10 0
-2 -11 45 0
-3 16 -1 0
-50 30 39 0
-12 49 -44 0
-27 -24 -44 0
26 -8 10 0
47 42 27 0
35 -49 -10 0
-16 48 -2 0
25 -37 -48 0
7 9 -22 0
-29 15 27 0
20 19 31 0
-32 -21 -50 0
-42 -6 37 0
21 18 -34 0
-48 17 -27 0
-26 -25 -37 0
-17 35 31 0
39 14 8 0
-43 -37 45 0
-41 29 -10 0
25 29 -4 0
-31 -47 40 0
17 29 33 0
20 -39 -12 0
-40 50 -7 0
9 21 13 0
-49 16 -42 0
-16 -14 -35 0
36 -5 -32 0
-7 -32 49 0
-2 32 47 0
-16 -45 20 0
-26 -15 -17 0

c GPT solve time: 189.12 seconds

SATISFIABLE
64
32
x1 = True
x2 = False
x3 = False
x4 = True
x5 = True
x6 = False
x7 = False
x8 = True
x9 = True
x10 = False
x11 = True
x12 = False
x13 = True
x14 = True
x15 = False
x16 = True
x17 = False
x18 = True
x19 = False
x20 = True
x21 = True
x22 = False
x23 = True
x24 = True
x25 = True
x26 = True
x27 = True
x28 = True
x29 = True
x30 = True
x31 = True
x32 = True
x33 = True
x34 = True
x35 = True
x36 = True
x37 = True
x38 = True
x39 = True
x40 = False
x41 = False
x42 = True
x43 = True
x44 = False
x45 = False
x46 = True
x47 = True
x48 = True
x49 = True
x50 = True