c Random 3-SAT
c alpha=3.6, N=50, L=180, instance=3509
p cnf 50 180
-10 -28 26 0
24 25 19 0
46 -26 18 0
35 -33 48 0
27 -13 -1 0
9 -36 -28 0
24 -31 -2 0
-8 7 28 0
28 -11 9 0
43 -21 -41 0
-10 -32 -17 0
11 -39 -12 0
-35 -7 32 0
-16 -38 28 0
-5 40 -6 0
-32 -37 -28 0
-35 19 -30 0
13 22 24 0
13 -46 -19 0
-3 49 -5 0
33 -16 -47 0
-35 8 6 0
50 -27 4 0
-50 -44 11 0
26 39 24 0
-28 22 -38 0
-12 30 -24 0
17 -13 -21 0
-36 -19 -39 0
27 14 37 0
26 44 -16 0
24 8 -15 0
19 -24 2 0
-42 8 -50 0
-1 32 -20 0
35 -41 24 0
16 23 35 0
36 -3 39 0
6 40 30 0
-14 -28 23 0
45 -7 26 0
-39 -5 36 0
1 42 24 0
-27 13 -22 0
-7 36 -37 0
-6 36 22 0
14 -3 50 0
-49 -9 13 0
-34 47 -21 0
-39 33 -29 0
-4 -44 -45 0
28 20 -50 0
7 1 -8 0
-39 -33 24 0
-25 40 41 0
-14 3 -6 0
-20 -45 5 0
-36 44 -24 0
-42 -24 -19 0
-11 -28 48 0
-29 -42 -5 0
-2 -13 -5 0
42 -24 12 0
11 -15 6 0
-41 -13 5 0
23 49 18 0
39 12 2 0
-9 4 29 0
-30 -36 13 0
16 4 15 0
-46 19 11 0
35 -2 36 0
36 -26 15 0
-36 -6 -25 0
36 -32 -44 0
-4 -2 -33 0
7 -24 -20 0
28 39 3 0
20 42 -41 0
-12 40 2 0
-3 31 17 0
43 -18 27 0
-10 -42 40 0
-15 47 -35 0
-6 -43 31 0
-14 8 41 0
-14 -36 28 0
-21 -37 -12 0
-19 -14 -50 0
-16 20 -6 0
-7 -47 -13 0
9 31 8 0
-19 10 16 0
-25 -41 -29 0
-27 23 -43 0
-32 45 22 0
-21 -11 -2 0
19 -20 -14 0
10 46 -49 0
-14 8 -43 0
18 -27 26 0
-26 2 -45 0
29 -5 -43 0
27 -49 36 0
46 -29 32 0
-32 49 35 0
20 -13 -41 0
-32 -11 -21 0
10 -8 -7 0
-10 46 -5 0
-14 30 43 0
28 -36 -30 0
-28 8 26 0
7 -13 -27 0
29 26 23 0
36 8 -11 0
-11 37 27 0
-27 -3 37 0
-48 -7 -4 0
12 16 -8 0
39 -41 -46 0
-39 8 -45 0
21 -4 -6 0
-11 -13 -25 0
13 -35 1 0
4 -39 42 0
-14 -4 -42 0
-37 42 5 0
11 -49 -42 0
44 -46 -23 0
-15 -26 12 0
-37 -44 -26 0
-7 12 35 0
33 36 5 0
-42 -28 1 0
-28 -44 -37 0
-20 25 33 0
-12 35 -36 0
-22 -23 -38 0
-46 7 2 0
-37 -33 -46 0
10 4 11 0
29 -42 19 0
11 -20 28 0
38 -49 27 0
-3 32 47 0
-9 -28 50 0
8 -19 12 0
-10 49 47 0
-50 43 -16 0
39 12 42 0
6 8 -44 0
29 -23 -33 0
1 -31 -37 0
10 44 -24 0
-19 -4 17 0
-5 -36 25 0
48 15 -40 0
33 42 -50 0
47 19 -24 0
14 -28 -10 0
-32 -44 42 0
-20 39 -44 0
30 49 17 0
29 -32 -48 0
-30 26 32 0
4 -17 29 0
5 14 13 0
-18 -12 38 0
-42 19 -43 0
-35 -20 -38 0
42 5 26 0
-4 21 -8 0
7 -9 19 0
-4 -11 25 0
-18 4 30 0
3 30 -5 0
4 14 37 0
-3 27 13 0
-34 -29 31 0

c GPT solve time: 148.11 seconds

SATISFIABLE
12
5
x1 = F
x2 = F
x3 = F
x4 = F
x5 = F
x6 = F
x7 = F
x8 = F
x9 = F
x10 = F
x11 = F
x12 = F
x13 = F
x14 = F
x15 = F
x16 = F
x17 = F
x18 = F
x19 = F
x20 = F
x21 = F
x22 = F
x23 = F
x24 = T
x25 = F
x26 = F
x27 = F
x28 = F
x29 = F
x30 = F
x31 = F
x32 = F
x33 = F
x34 = F
x35 = F
x36 = F
x37 = F
x38 = F
x39 = F
x40 = F
x41 = F
x42 = F
x43 = F
x44 = F
x45 = F
x46 = F
x47 = F
x48 = F
x49 = F
x50 = F