c Random 3-SAT
c alpha=3.5, N=50, L=175, instance=5887
p cnf 50 175
-12 47 39 0
-1 9 40 0
22 50 42 0
19 -22 28 0
4 14 -50 0
-26 6 24 0
5 -1 -46 0
31 -40 -7 0
-30 50 -46 0
-35 22 21 0
50 43 36 0
-14 47 46 0
-10 33 32 0
7 49 31 0
11 -17 -10 0
-29 18 31 0
1 15 -4 0
41 5 2 0
-4 35 -20 0
-44 -41 33 0
25 29 -31 0
-34 39 -13 0
48 10 2 0
-23 38 -43 0
35 40 -50 0
34 35 49 0
45 4 13 0
6 -32 36 0
43 -1 44 0
30 34 39 0
37 1 -12 0
24 -23 -35 0
22 -47 37 0
-36 -13 42 0
-16 20 -26 0
45 43 2 0
-22 -47 -27 0
-21 -42 46 0
5 -22 34 0
-9 -42 -10 0
6 -43 -39 0
1 -45 -6 0
-12 -36 15 0
20 47 46 0
2 -37 11 0
-32 -31 38 0
-49 22 -28 0
20 43 -2 0
-48 -19 -15 0
4 15 47 0
14 -5 -47 0
16 -44 -20 0
17 -46 -10 0
29 6 -16 0
-48 32 25 0
-49 -45 2 0
9 -37 -5 0
-50 6 45 0
-37 18 23 0
-9 -31 -46 0
3 -15 -41 0
-44 -23 31 0
15 -22 -3 0
42 47 -16 0
-2 -37 11 0
-23 -38 -32 0
-38 -44 6 0
22 -37 5 0
12 -40 -43 0
20 49 -48 0
43 38 -34 0
-14 -22 5 0
27 43 -40 0
-10 5 50 0
-46 -49 24 0
-49 46 22 0
-39 -44 -38 0
-25 34 14 0
47 -25 -50 0
12 18 7 0
-21 49 -36 0
-6 -23 -13 0
39 -24 44 0
21 17 -42 0
-44 22 33 0
44 -48 -8 0
-37 3 -12 0
-2 14 -12 0
48 -26 -17 0
16 -17 -14 0
26 33 -35 0
16 10 20 0
37 2 31 0
-31 -14 -50 0
-7 -23 48 0
-4 -5 43 0
-34 3 -4 0
42 -18 35 0
23 -39 -42 0
-22 5 48 0
17 -12 14 0
-38 -33 -27 0
31 -8 39 0
31 40 -5 0
39 -2 6 0
-37 26 -24 0
-20 40 -34 0
24 -43 -22 0
-41 -29 -30 0
-19 23 -14 0
18 4 -38 0
19 -1 39 0
-33 -7 30 0
42 -50 21 0
18 -23 21 0
-25 8 -17 0
-37 6 -50 0
33 15 -6 0
-24 -32 -25 0
4 -10 -3 0
46 -31 -25 0
14 21 31 0
35 -45 50 0
3 13 -27 0
7 28 16 0
13 -23 49 0
50 -28 5 0
23 22 -32 0
-1 28 -12 0
-12 -20 23 0
5 -32 21 0
-27 41 39 0
28 30 -44 0
37 -47 -12 0
-15 -1 -35 0
-44 7 12 0
42 50 -24 0
12 -31 1 0
37 23 -9 0
-38 31 28 0
38 46 8 0
-42 -18 -9 0
49 7 10 0
31 34 -23 0
7 -22 41 0
16 -2 42 0
-19 28 17 0
-46 31 -15 0
41 -26 9 0
45 3 -7 0
-17 -36 11 0
-22 -1 47 0
36 -31 -41 0
-24 34 19 0
-9 -35 -38 0
48 18 12 0
-35 12 17 0
-10 9 23 0
-40 48 7 0
-40 -1 29 0
-8 47 -13 0
27 -5 -39 0
-1 -22 -47 0
-15 17 14 0
-35 -43 -17 0
-30 26 -9 0
-41 -23 50 0
-9 -27 26 0
-21 -13 8 0
25 -9 32 0
-19 15 36 0
-8 38 -29 0
15 -49 35 0
-15 -38 45 0
-23 -44 -41 0

c GPT solve time: 169.75 seconds

SATISFIABLE
26
13
x1 = F
x2 = F
x3 = T
x4 = F
x5 = T
x6 = T
x7 = F
x8 = F
x9 = F
x10 = T
x11 = T
x12 = T
x13 = F
x14 = F
x15 = T
x16 = T
x17 = F
x18 = T
x19 = F
x20 = T
x21 = T
x22 = T
x23 = F
x24 = T
x25 = T
x26 = T
x27 = F
x28 = T
x29 = T
x30 = T
x31 = F
x32 = F
x33 = T
x34 = T
x35 = F
x36 = T
x37 = F
x38 = F
x39 = T
x40 = T
x41 = T
x42 = T
x43 = T
x44 = T
x45 = F
x46 = T
x47 = F
x48 = T
x49 = F
x50 = T