c Random 3-SAT
c alpha=3.6, N=50, L=180, instance=1988
p cnf 50 180
25 -49 22 0
29 -39 -35 0
-1 19 45 0
21 -3 26 0
31 -6 19 0
-40 -48 49 0
-32 50 -23 0
42 45 23 0
48 -46 -24 0
-37 -23 36 0
-5 -12 37 0
-35 22 -23 0
-5 37 29 0
23 16 24 0
-42 45 -36 0
33 21 34 0
47 18 -20 0
-47 -44 4 0
16 -38 33 0
50 25 -17 0
-33 -50 -3 0
9 39 13 0
47 -32 -21 0
-24 33 46 0
-10 11 44 0
28 -13 -6 0
-6 -3 -23 0
21 26 -40 0
11 -21 -43 0
3 42 40 0
35 -4 18 0
-23 -30 28 0
-32 24 19 0
-42 -28 43 0
27 -50 42 0
45 -10 29 0
-49 -15 -42 0
-25 43 -4 0
42 -30 -28 0
-41 21 -3 0
14 -36 -46 0
-11 16 18 0
33 -10 -15 0
-14 -29 46 0
-9 -22 38 0
-5 -18 38 0
48 4 36 0
-50 -45 39 0
35 44 8 0
-26 -13 -48 0
-36 26 47 0
-8 -17 -43 0
-44 -24 47 0
25 31 -48 0
25 -1 -24 0
-33 29 -13 0
5 -30 42 0
1 -19 28 0
-46 47 38 0
-32 28 -48 0
44 -5 40 0
-39 7 -8 0
-16 -6 -20 0
-42 9 -49 0
-5 13 -37 0
33 -3 -2 0
-50 -18 7 0
-38 -35 -49 0
5 16 13 0
50 -26 34 0
-12 -5 -16 0
-31 35 12 0
44 -16 -43 0
-45 26 12 0
-23 31 10 0
-19 -32 -16 0
15 -37 -5 0
22 47 6 0
-7 -29 -28 0
4 36 37 0
-50 42 -19 0
23 26 -34 0
39 -45 37 0
-7 -31 26 0
38 13 -14 0
34 -13 -41 0
-3 4 -15 0
43 13 -9 0
20 24 -32 0
-43 47 -10 0
-47 -25 36 0
10 6 -18 0
-16 12 -7 0
28 -27 19 0
-18 38 4 0
-15 -28 -6 0
-7 39 11 0
21 11 29 0
6 43 33 0
2 6 -27 0
28 -21 -14 0
-46 34 -33 0
5 -10 1 0
47 -31 36 0
-24 5 -15 0
-35 28 10 0
-5 14 20 0
31 1 42 0
13 30 -47 0
-31 -44 -48 0
-40 1 -21 0
-39 11 -15 0
-46 17 -40 0
-21 -8 16 0
-30 47 23 0
43 -11 18 0
1 28 3 0
10 -26 35 0
44 20 5 0
-13 21 -35 0
11 -49 5 0
12 40 1 0
39 -37 -24 0
-44 32 -3 0
34 -27 -13 0
39 21 -19 0
22 29 37 0
-3 17 24 0
12 44 -48 0
-22 46 31 0
-39 -20 -34 0
50 -31 -18 0
-9 10 -48 0
-19 -22 -28 0
-18 20 23 0
38 36 49 0
-11 15 -14 0
28 48 16 0
-13 12 14 0
2 -26 -38 0
17 8 -7 0
24 19 7 0
21 36 -19 0
-30 42 43 0
43 -3 33 0
39 26 -8 0
-28 48 15 0
-47 16 4 0
-25 -29 9 0
45 13 -5 0
11 15 38 0
18 38 -20 0
36 39 31 0
4 -30 -21 0
25 20 -2 0
24 33 49 0
21 13 -4 0
5 -4 16 0
1 -47 9 0
-45 6 8 0
38 30 -17 0
-26 39 7 0
23 36 11 0
-25 48 15 0
45 -29 -38 0
-20 19 -16 0
2 22 10 0
-22 35 -46 0
10 38 16 0
-7 -8 -45 0
-21 -5 32 0
49 -13 -38 0
46 38 -10 0
-33 46 -2 0
-31 3 -27 0
46 -4 40 0
-13 -36 -35 0
3 32 5 0
45 -8 40 0
1 29 -5 0

c GPT solve time: 221.32 seconds

SATISFIABLE
25
10
x1=TRUE
x2=TRUE
x3=FALSE
x4=TRUE
x5=TRUE
x6=FALSE
x7=FALSE
x8=TRUE
x9=TRUE
x10=TRUE
x11=TRUE
x12=TRUE
x13=FALSE
x14=FALSE
x15=FALSE
x16=TRUE
x17=TRUE
x18=TRUE
x19=TRUE
x20=TRUE
x21=TRUE
x22=TRUE
x23=TRUE
x24=TRUE
x25=TRUE
x26=TRUE
x27=FALSE
x28=TRUE
x29=TRUE
x30=TRUE
x31=TRUE
x32=TRUE
x33=TRUE
x34=TRUE
x35=TRUE
x36=TRUE
x37=TRUE
x38=TRUE
x39=TRUE
x40=TRUE
x41=TRUE
x42=TRUE
x43=TRUE
x44=TRUE
x45=TRUE
x46=TRUE
x47=TRUE
x48=TRUE
x49=FALSE
x50=TRUE