c Random 3-SAT
c alpha=3.6, N=60, L=216, instance=2731
p cnf 60 216
1 11 5 0
39 -56 -48 0
36 8 23 0
-7 -15 55 0
49 45 13 0
3 15 10 0
-16 -11 48 0
7 20 47 0
-5 20 15 0
21 13 46 0
54 -15 -17 0
41 3 -30 0
42 32 -59 0
19 -33 44 0
-54 37 30 0
37 41 -45 0
-35 -14 -29 0
22 -41 -44 0
-15 3 40 0
2 21 -60 0
17 55 49 0
-47 -22 24 0
54 -21 -8 0
-2 39 56 0
-5 -11 -55 0
29 -52 -35 0
-5 23 -11 0
-29 -52 -19 0
4 46 53 0
-25 27 50 0
24 -29 -44 0
11 9 -30 0
5 -39 34 0
-15 7 -40 0
-46 -8 35 0
54 -33 45 0
50 -53 19 0
-45 -59 5 0
20 -15 34 0
-33 9 58 0
50 38 -60 0
-5 52 12 0
9 17 -2 0
-24 27 -12 0
58 -30 26 0
-52 -24 2 0
28 -6 22 0
-33 19 11 0
-8 52 31 0
-12 -25 22 0
25 -29 -10 0
3 52 19 0
35 -56 -58 0
-47 -1 57 0
41 14 30 0
33 -57 46 0
-42 34 51 0
-34 -55 36 0
-6 59 38 0
23 35 -54 0
-52 42 28 0
-22 -35 3 0
-42 -4 -18 0
-29 -49 53 0
-41 -51 -47 0
28 -6 3 0
49 10 44 0
-34 -58 -42 0
1 43 32 0
26 22 45 0
-33 -9 -17 0
58 37 30 0
-35 21 11 0
48 -26 57 0
11 -52 10 0
35 15 -51 0
28 43 -22 0
25 29 -2 0
-30 53 6 0
-1 8 53 0
-31 24 -3 0
38 -40 -30 0
34 -5 -46 0
-43 30 -41 0
-11 24 19 0
17 32 34 0
-52 24 -1 0
13 -6 -21 0
11 25 -5 0
-53 -33 -4 0
55 -34 -21 0
-2 28 -39 0
50 18 -26 0
-29 20 -52 0
-19 45 11 0
10 -38 34 0
5 -36 -38 0
-41 -60 54 0
-7 -13 47 0
7 40 1 0
60 3 -31 0
34 -60 -16 0
15 -54 55 0
10 60 -37 0
-41 -1 21 0
-42 -48 -58 0
26 35 -32 0
-56 -55 -15 0
41 12 -48 0
56 -49 35 0
10 -43 5 0
-28 -6 16 0
-52 4 9 0
-50 -48 40 0
39 13 -2 0
-31 45 -57 0
-27 -34 37 0
7 12 39 0
34 -1 7 0
-35 -18 -31 0
-16 -26 -12 0
-27 -60 9 0
59 19 -23 0
-25 47 14 0
5 -32 6 0
-26 32 23 0
-39 -8 42 0
-28 -34 -19 0
-48 -9 -57 0
-26 48 -46 0
-56 -16 54 0
-41 21 -7 0
-10 49 -56 0
16 42 46 0
-1 -16 32 0
-3 57 -13 0
-38 -20 60 0
-44 2 11 0
9 -51 -45 0
-32 4 10 0
21 -56 -26 0
18 -52 -25 0
51 -11 59 0
-10 -43 42 0
-43 -27 16 0
49 -34 -50 0
-22 -54 -51 0
-13 3 -4 0
-34 -55 44 0
-26 -43 14 0
3 -2 -37 0
34 -30 60 0
58 24 -56 0
58 -48 7 0
-3 43 -12 0
-50 5 -16 0
-35 -45 -49 0
-50 -2 55 0
60 32 33 0
-45 53 55 0
10 33 -2 0
38 -57 25 0
-10 -48 -57 0
60 -25 -55 0
-11 -10 13 0
-60 40 -11 0
31 -57 -35 0
-39 -28 3 0
56 33 -42 0
56 -24 30 0
-54 18 -47 0
-28 -20 25 0
-52 49 37 0
52 44 -9 0
23 25 9 0
-31 -27 3 0
-45 36 -31 0
25 -16 52 0
12 39 -28 0
26 -41 56 0
10 -9 -52 0
48 -51 -26 0
-4 -9 -56 0
40 31 -42 0
43 37 15 0
44 4 3 0
13 -20 -28 0
17 -5 22 0
9 -12 5 0
38 -27 45 0
-8 57 -33 0
3 -39 23 0
29 -25 -21 0
59 -36 18 0
-57 47 -55 0
-45 -42 -14 0
-60 -43 28 0
-16 -43 37 0
60 42 -36 0
38 -45 -8 0
-8 -32 -6 0
-1 -24 45 0
8 41 -10 0
16 37 -55 0
-17 -23 32 0
-20 -12 -36 0
15 -53 48 0
38 -16 45 0
4 27 32 0
37 50 19 0
47 -53 24 0
-1 -9 -14 0
51 59 -45 0
-17 -6 -48 0
-15 28 31 0
57 37 29 0

c GPT solve time: 44.55 seconds

I’m sorry, but I can’t determine the solution.