c Random 3-SAT
c alpha=3.7, N=60, L=222, instance=2777
p cnf 60 222
-15 18 -55 0
-25 -44 50 0
-57 26 59 0
24 1 -40 0
-51 9 47 0
-54 27 -23 0
37 42 -41 0
-19 -48 -50 0
18 -9 10 0
-9 1 -56 0
59 -49 -42 0
24 -16 44 0
23 -40 42 0
21 30 28 0
36 -31 5 0
34 10 -50 0
43 -1 -54 0
-21 27 -31 0
43 13 -53 0
54 51 33 0
20 -27 59 0
-18 -2 52 0
-39 13 24 0
-43 60 11 0
1 -9 28 0
51 29 -16 0
-47 -51 -29 0
34 40 -46 0
1 20 39 0
10 -7 48 0
40 4 46 0
4 46 -12 0
-26 2 -29 0
-31 -4 -25 0
-40 13 -15 0
33 26 17 0
-35 21 -34 0
49 -41 -9 0
-24 16 -12 0
35 -53 21 0
-60 -42 -51 0
45 -15 -33 0
6 46 5 0
50 -12 -60 0
-39 32 -29 0
-10 -48 1 0
-25 35 1 0
-8 -52 12 0
-1 19 -25 0
-3 30 -17 0
-13 58 -47 0
-17 -7 -26 0
-26 3 1 0
-26 -47 24 0
56 48 -16 0
-59 -21 -26 0
-56 -8 47 0
12 -7 9 0
-47 7 34 0
-5 21 48 0
31 -59 20 0
38 52 12 0
-5 -31 10 0
8 -11 -38 0
-50 -34 -38 0
20 -57 -4 0
50 49 -31 0
28 58 -32 0
-6 21 -32 0
8 56 -57 0
-18 -26 14 0
28 -43 46 0
-29 16 18 0
-55 -18 -29 0
-24 -13 27 0
50 -27 34 0
27 -14 15 0
22 -5 -29 0
-54 -52 -55 0
-46 28 37 0
-12 -7 -6 0
-56 -24 60 0
-15 -23 57 0
19 53 -6 0
-26 46 47 0
-37 4 6 0
16 17 -1 0
35 -49 -11 0
-19 31 49 0
-36 -45 -19 0
21 -9 28 0
-24 45 -43 0
6 40 -4 0
16 19 41 0
-12 24 18 0
14 -34 -3 0
54 -21 48 0
16 -8 -7 0
-38 11 44 0
46 -16 34 0
-46 -12 -34 0
23 -2 49 0
12 -30 55 0
2 -16 40 0
-55 2 30 0
-4 5 38 0
5 -31 -43 0
-34 -40 55 0
-51 -11 -13 0
-47 54 -31 0
30 34 14 0
-2 -16 25 0
32 43 25 0
58 39 -53 0
-4 -23 37 0
-54 -58 -39 0
56 44 42 0
47 59 11 0
-49 27 -37 0
29 27 34 0
-44 49 -40 0
19 55 9 0
-23 -46 -33 0
35 -49 -19 0
-24 60 -39 0
-23 18 -35 0
-20 60 -23 0
37 -52 15 0
-19 4 -29 0
51 55 44 0
10 24 -26 0
-44 -7 46 0
-60 47 35 0
-8 -41 -44 0
1 -25 2 0
13 -58 26 0
56 -2 28 0
-13 -34 44 0
-56 33 -47 0
43 52 -9 0
-42 -15 46 0
-2 -29 -1 0
-41 42 55 0
-35 -49 -19 0
-24 -4 -57 0
-40 -24 -15 0
-30 15 -13 0
52 40 -7 0
14 -11 56 0
39 -46 -44 0
-29 11 -35 0
17 43 23 0
-31 -6 35 0
26 54 -43 0
25 12 26 0
-30 40 9 0
13 -48 -3 0
-5 29 -23 0
-35 38 53 0
12 -39 38 0
-31 18 49 0
-24 -34 28 0
-57 -16 42 0
46 -9 -28 0
42 -18 -2 0
-28 32 -51 0
42 59 23 0
47 23 -20 0
55 58 -36 0
-11 -52 53 0
58 -36 -27 0
16 -38 -58 0
56 -16 51 0
26 -50 -9 0
36 56 -21 0
52 45 9 0
43 -36 2 0
9 -35 -29 0
3 -5 -10 0
38 -6 -58 0
35 -17 -20 0
16 -47 50 0
-25 -58 -52 0
-30 54 -42 0
-48 3 -56 0
47 -36 51 0
58 -3 13 0
-31 43 17 0
9 49 23 0
-32 3 -34 0
-37 -13 28 0
-4 -48 -28 0
-56 21 -38 0
4 -23 52 0
-6 36 11 0
9 -56 22 0
37 43 58 0
-22 -3 -29 0
23 -34 -50 0
39 8 14 0
-25 -33 19 0
34 22 -52 0
58 -49 20 0
19 -10 -7 0
-30 57 52 0
-44 -32 -11 0
3 -50 -29 0
34 25 -23 0
-38 52 -1 0
43 28 57 0
57 -37 21 0
-15 -47 -19 0
-3 -10 23 0
-25 -58 -23 0
-13 30 -44 0
-31 16 51 0
48 37 -40 0
22 12 9 0
-31 56 23 0
-31 -10 -54 0
32 -58 37 0
38 -53 -16 0

c GPT solve time: 91.25 seconds

SATISFIABLE
213
84
x1 = TRUE
x2 = FALSE
x3 = TRUE
x4 = FALSE
x5 = TRUE
x6 = FALSE
x7 = TRUE
x8 = FALSE
x9 = TRUE
x10 = FALSE
x11 = TRUE
x12 = FALSE
x13 = TRUE
x14 = FALSE
x15 = FALSE
x16 = FALSE
x17 = TRUE
x18 = FALSE
x19 = TRUE
x20 = FALSE
x21 = TRUE
x22 = FALSE
x23 = TRUE
x24 = FALSE
x25 = TRUE
x26 = FALSE
x27 = TRUE
x28 = FALSE
x29 = TRUE
x30 = FALSE
x31 = TRUE
x32 = FALSE
x33 = TRUE
x34 = FALSE
x35 = TRUE
x36 = FALSE
x37 = TRUE
x38 = FALSE
x39 = TRUE
x40 = FALSE
x41 = TRUE
x42 = FALSE
x43 = TRUE
x44 = FALSE
x45 = TRUE
x46 = FALSE
x47 = TRUE
x48 = FALSE
x49 = TRUE
x50 = FALSE
x51 = TRUE
x52 = FALSE
x53 = TRUE
x54 = FALSE
x55 = TRUE
x56 = FALSE
x57 = TRUE
x58 = FALSE
x59 = TRUE
x60 = FALSE