c Random 3-SAT
c alpha=3.6, N=60, L=216, instance=4631
p cnf 60 216
-16 20 53 0
52 -30 -60 0
39 -22 -59 0
31 15 46 0
-13 -45 -29 0
33 -14 51 0
-11 30 58 0
1 -40 -59 0
7 -33 -41 0
-47 42 -20 0
-46 -60 10 0
-29 24 -53 0
39 -54 -26 0
43 -28 31 0
21 -20 -39 0
32 -27 -22 0
19 12 56 0
49 -4 35 0
56 51 52 0
16 58 -7 0
-11 -60 30 0
-41 56 -10 0
30 56 -25 0
8 27 -11 0
-42 34 -59 0
43 -2 -31 0
9 51 -32 0
6 -51 34 0
3 51 -46 0
-50 -24 29 0
9 3 59 0
47 21 38 0
44 -37 -38 0
2 -53 -23 0
21 -52 11 0
16 -60 14 0
2 10 37 0
44 -1 38 0
6 -40 55 0
28 24 23 0
-20 -49 -21 0
-4 31 60 0
28 -30 -47 0
36 38 -51 0
25 4 2 0
12 -53 -23 0
36 -56 -22 0
-37 -14 -60 0
-37 -45 -39 0
16 39 50 0
33 21 -46 0
-26 3 -12 0
47 -18 -32 0
50 25 -29 0
40 -51 -9 0
-14 47 -57 0
52 -15 -20 0
-43 -57 -51 0
5 -24 10 0
-39 -40 -14 0
46 49 6 0
-5 -24 39 0
44 11 -49 0
11 23 48 0
38 -51 49 0
-8 55 -12 0
-9 47 -32 0
55 4 -10 0
-13 32 36 0
-52 -14 16 0
47 -16 7 0
-13 44 -55 0
13 42 39 0
20 19 1 0
-9 43 36 0
-2 48 31 0
12 -6 50 0
54 -21 -6 0
16 -8 35 0
-12 -23 -41 0
39 31 27 0
31 -26 -11 0
-11 -14 59 0
16 -30 57 0
-37 20 -4 0
-37 -29 -20 0
53 -60 -52 0
-55 15 -8 0
13 -20 25 0
-14 -47 -15 0
48 -49 -32 0
-14 25 52 0
27 -37 -44 0
-36 12 -20 0
26 58 -41 0
60 54 32 0
-43 -11 8 0
-6 -52 37 0
-48 -58 -51 0
-11 19 -20 0
21 -17 -3 0
-55 -12 -16 0
57 46 -34 0
-6 -30 -18 0
-48 -2 -43 0
54 31 17 0
16 27 -18 0
-29 28 42 0
16 48 38 0
60 -38 -3 0
46 -47 45 0
40 -55 -57 0
-41 5 -44 0
-55 46 39 0
17 28 1 0
-53 -17 16 0
-52 4 -27 0
44 -47 35 0
7 26 -41 0
-13 30 -57 0
-39 -4 -3 0
32 -57 -59 0
37 -48 -4 0
-31 -24 22 0
19 -1 -23 0
-46 -38 -19 0
13 29 21 0
-57 -1 29 0
23 12 40 0
6 -58 -1 0
-3 -41 -26 0
30 -45 -33 0
-41 14 -53 0
-60 -14 56 0
46 36 -13 0
-57 -24 38 0
-32 -15 24 0
-31 -5 45 0
60 -51 -19 0
-30 12 -47 0
11 42 57 0
13 -57 -5 0
-50 41 -18 0
21 -40 -9 0
-54 -8 4 0
57 -53 27 0
26 -40 22 0
-54 57 51 0
-15 -57 48 0
-42 52 -21 0
-53 2 -27 0
-13 10 -30 0
27 15 -31 0
34 16 -49 0
43 38 49 0
47 -59 58 0
14 -57 -9 0
-17 -49 10 0
1 -44 43 0
7 -32 58 0
5 38 41 0
34 -53 -2 0
26 12 -22 0
44 8 27 0
47 -42 45 0
2 -44 11 0
-59 4 -52 0
-37 -1 -6 0
28 -47 -24 0
-4 52 -25 0
-8 -43 -59 0
48 -26 5 0
-17 -16 2 0
42 41 2 0
38 47 -26 0
-20 -48 13 0
1 -55 -39 0
-49 -45 -59 0
44 49 52 0
-52 23 -30 0
-43 38 -29 0
-45 -23 -13 0
29 22 8 0
18 -46 41 0
-54 34 13 0
-8 -33 57 0
18 47 30 0
-12 48 -54 0
-44 -15 -6 0
-20 -46 57 0
5 -15 44 0
-2 27 -16 0
-17 44 -46 0
30 -26 53 0
45 7 26 0
37 -36 10 0
2 -9 -1 0
24 -57 -18 0
48 59 -49 0
-2 18 26 0
-37 35 9 0
6 18 -48 0
10 7 -33 0
47 -14 44 0
42 -53 -29 0
-11 -56 15 0
-27 21 51 0
-27 -23 54 0
43 37 -38 0
-18 -2 45 0
19 54 33 0
-57 27 -18 0
60 41 -1 0
51 37 -21 0
43 49 6 0
-25 38 17 0

c GPT solve time: 131.87 seconds

SATISFIABLE
x1 = F  
x2 = F  
x3 = T  
x4 = F  
x5 = F  
x6 = F  
x7 = F  
x8 = F  
x9 = F  
x10 = T  
x11 = F  
x12 = T  
x13 = F  
x14 = F  
x15 = F  
x16 = T  
x17 = F  
x18 = F  
x19 = F  
x20 = F  
x21 = F  
x22 = F  
x23 = T  
x24 = F  
x25 = T  
x26 = F  
x27 = F  
x28 = F  
x29 = F  
x30 = F  
x31 = T  
x32 = F  
x33 = F  
x34 = F  
x35 = F  
x36 = F  
x37 = F  
x38 = F  
x39 = F  
x40 = F  
x41 = F  
x42 = F  
x43 = F  
x44 = F  
x45 = F  
x46 = F  
x47 = T  
x48 = F  
x49 = F  
x50 = F  
x51 = F  
x52 = F  
x53 = T  
x54 = F  
x55 = F  
x56 = T  
x57 = F  
x58 = F  
x59 = F  
x60 = F  
123
87