c Random 3-SAT
c alpha=3.6, N=60, L=216, instance=735
p cnf 60 216
-1 -47 -57 0
33 55 -26 0
55 29 -21 0
43 -34 45 0
-7 -57 -43 0
-40 53 -45 0
-43 13 20 0
58 12 -24 0
-33 29 6 0
-30 35 6 0
58 -5 -12 0
26 -6 -34 0
21 9 30 0
-58 57 27 0
15 -30 -60 0
-21 33 -26 0
6 -57 51 0
52 23 -10 0
-7 -29 42 0
-51 13 -20 0
-46 14 34 0
-15 -40 29 0
-12 5 -10 0
11 -56 34 0
-26 -44 34 0
-49 -39 -48 0
-2 10 28 0
52 33 -11 0
24 -12 -50 0
-9 7 -34 0
-20 -42 -48 0
-58 -8 -54 0
-55 41 5 0
33 28 -56 0
-53 -5 -35 0
-34 -8 18 0
-53 -28 -48 0
-3 47 -22 0
41 -45 -36 0
9 -37 2 0
42 4 49 0
-5 -34 26 0
-54 6 26 0
-20 23 -18 0
17 -37 -1 0
-32 24 -49 0
-46 7 28 0
44 -45 -36 0
-17 10 51 0
-39 41 42 0
50 -42 35 0
2 -48 -29 0
-30 -49 -3 0
29 12 44 0
-16 -15 -23 0
46 10 -41 0
45 -25 30 0
10 55 -37 0
31 52 39 0
-42 6 -2 0
-57 36 -33 0
-51 -13 -45 0
-51 -28 30 0
4 7 44 0
-34 25 39 0
6 17 -39 0
11 9 60 0
-17 38 -11 0
-47 16 20 0
52 -5 21 0
-35 -14 28 0
-41 -33 55 0
-44 51 59 0
34 -52 40 0
-27 -43 13 0
47 -28 19 0
-53 -22 34 0
31 34 7 0
41 -11 18 0
-8 -58 36 0
21 -25 19 0
-25 -26 13 0
-49 16 39 0
-6 -33 -44 0
-27 -51 32 0
-17 23 -46 0
28 -3 57 0
38 -2 57 0
-58 46 57 0
-59 52 -2 0
48 -59 47 0
-4 -54 59 0
3 -5 -26 0
5 39 -20 0
29 -5 -17 0
-39 -33 -50 0
-3 -23 20 0
29 -59 -8 0
39 43 -34 0
-10 19 -15 0
-43 -33 -10 0
51 -42 -54 0
17 -47 22 0
26 16 -37 0
-42 -45 -33 0
30 44 11 0
28 59 44 0
-5 -43 -38 0
1 -37 51 0
4 -26 49 0
-27 -10 60 0
-56 -49 -40 0
-1 4 33 0
-8 -2 18 0
56 60 -2 0
35 -19 17 0
-5 -60 23 0
56 16 8 0
46 7 -1 0
8 -32 -38 0
-15 50 -54 0
-34 48 -22 0
-27 -13 35 0
41 -8 39 0
-11 9 -21 0
34 45 36 0
-36 -16 19 0
54 56 -20 0
-44 -17 -1 0
-3 -33 13 0
52 40 8 0
8 -36 -15 0
24 23 -39 0
-47 -46 -18 0
-50 -53 13 0
60 54 52 0
-26 -9 8 0
-33 49 -18 0
-10 45 12 0
-10 -40 20 0
-2 -55 44 0
-31 40 9 0
2 -28 -23 0
48 -47 36 0
-60 54 14 0
3 55 31 0
1 6 -13 0
22 -35 5 0
33 5 -56 0
-17 32 -29 0
-5 -48 19 0
30 3 -25 0
17 -4 -35 0
19 -23 58 0
-37 52 -40 0
-51 13 44 0
-28 -60 -23 0
-47 -1 -18 0
-42 37 -30 0
22 -13 -10 0
-43 3 10 0
19 47 21 0
20 7 -14 0
8 20 -30 0
20 54 -36 0
-31 50 -40 0
48 59 -54 0
41 49 36 0
9 -39 -22 0
7 47 -45 0
-27 2 22 0
22 -15 -41 0
-47 37 7 0
-24 -13 30 0
56 46 4 0
28 11 46 0
-39 35 -48 0
-46 -30 -20 0
54 -11 26 0
29 -1 37 0
57 -45 -59 0
-46 13 54 0
-47 16 -2 0
7 -38 -21 0
33 -35 39 0
-17 35 5 0
27 -43 2 0
-13 -30 35 0
-38 -5 -23 0
4 -14 -60 0
-14 -16 -7 0
18 4 60 0
-28 1 35 0
-13 -19 2 0
58 16 -32 0
37 -46 34 0
-5 -29 -3 0
-40 11 8 0
-29 -6 -35 0
49 42 2 0
-45 -10 -41 0
-51 -35 47 0
-27 -14 17 0
13 -42 -30 0
50 -47 -55 0
54 -36 12 0
-35 -32 24 0
30 -39 9 0
33 41 18 0
-54 32 -6 0
-22 12 9 0
-29 -26 -54 0
32 59 35 0
-4 56 -40 0
-22 49 12 0
-59 -9 46 0

c GPT solve time: 240.75 seconds

SATISFIABLE
12
7
x1 = F
x2 = F
x3 = F
x4 = T
x5 = T
x6 = F
x7 = F
x8 = T
x9 = T
x10 = F
x11 = T
x12 = F
x13 = F
x14 = F
x15 = F
x16 = F
x17 = F
x18 = F
x19 = F
x20 = F
x21 = T
x22 = F
x23 = F
x24 = F
x25 = F
x26 = F
x27 = F
x28 = T
x29 = T
x30 = F
x31 = T
x32 = F
x33 = F
x34 = F
x35 = T
x36 = T
x37 = F
x38 = F
x39 = F
x40 = F
x41 = T
x42 = T
x43 = F
x44 = F
x45 = F
x46 = F
x47 = F
x48 = F
x49 = F
x50 = T
x51 = F
x52 = T
x53 = F
x54 = T
x55 = F
x56 = T
x57 = F
x58 = F
x59 = T
x60 = F