c Random 3-SAT
c alpha=3.7, N=60, L=222, instance=2039
p cnf 60 222
-36 58 34 0
-3 54 -4 0
53 -37 46 0
20 -6 -36 0
18 17 19 0
24 54 -15 0
38 24 1 0
-56 -17 50 0
-42 23 32 0
29 -36 -39 0
-30 18 42 0
15 40 6 0
-39 -41 -57 0
-38 -11 -25 0
-50 2 -34 0
-20 -11 -9 0
-26 3 27 0
-44 -53 -46 0
44 -60 -17 0
6 -56 -48 0
60 -31 -11 0
-46 58 48 0
17 -59 -11 0
-23 -47 38 0
-17 -50 35 0
-53 -29 -44 0
7 39 -46 0
-52 40 30 0
14 -16 49 0
8 43 -3 0
7 40 -44 0
23 29 -39 0
5 -37 22 0
24 -8 30 0
-17 -38 -10 0
-21 -18 60 0
-59 41 -33 0
-55 -13 52 0
38 14 -11 0
57 -3 -24 0
-36 14 -22 0
-56 -11 -60 0
46 -49 -39 0
-4 34 3 0
-20 -54 -1 0
54 -22 15 0
58 -17 -1 0
-35 -50 -4 0
-10 15 -42 0
14 -52 -40 0
-38 56 32 0
-48 35 -28 0
57 27 1 0
-42 -6 22 0
1 -26 -40 0
-21 17 37 0
30 39 50 0
-24 2 -18 0
58 -34 -28 0
8 24 38 0
-45 -18 -42 0
-40 12 -48 0
38 23 12 0
-6 11 56 0
-35 -19 -34 0
-44 24 -8 0
-3 11 -4 0
-34 59 -37 0
-34 -49 19 0
34 26 31 0
-41 32 39 0
-17 -22 27 0
2 -55 33 0
18 7 9 0
-39 -46 -40 0
-41 10 47 0
-12 -26 -22 0
45 20 23 0
-43 -14 -1 0
52 -60 40 0
-42 -43 11 0
43 -1 16 0
-12 -57 -5 0
-39 -32 -15 0
17 36 11 0
-8 -37 54 0
-53 -54 29 0
-23 1 58 0
-19 46 -41 0
4 25 -51 0
18 2 56 0
-59 -33 55 0
14 60 37 0
-46 48 13 0
45 -8 36 0
5 -60 -11 0
-26 -45 28 0
50 -42 -15 0
25 46 28 0
-56 -15 -48 0
-60 33 -41 0
-30 -27 53 0
-1 -20 -42 0
-9 47 4 0
-47 2 33 0
3 26 -35 0
-16 -33 29 0
-21 15 19 0
-19 14 59 0
43 48 -25 0
2 57 48 0
20 56 -33 0
-21 45 -51 0
12 -1 26 0
-15 20 -56 0
30 -11 43 0
36 -53 -44 0
42 -24 -30 0
-38 -46 22 0
-26 -41 -6 0
-48 -31 49 0
20 -39 16 0
55 33 -50 0
-5 -43 -20 0
-40 33 -23 0
-15 45 50 0
-54 41 -59 0
47 -1 -19 0
-48 4 27 0
14 -11 8 0
-36 51 49 0
-2 -17 -53 0
42 33 60 0
17 -58 -3 0
-58 -25 11 0
-21 -59 -34 0
-13 46 56 0
13 -11 4 0
-29 -1 4 0
-9 -51 15 0
52 -26 -38 0
39 24 46 0
-52 -47 -34 0
-56 15 44 0
-53 -20 22 0
9 28 -41 0
6 -30 -18 0
-33 59 -39 0
-16 -6 38 0
-48 -35 -12 0
10 2 21 0
-4 -19 53 0
-19 -53 1 0
36 52 22 0
-11 41 -4 0
-58 -9 -39 0
55 -60 -48 0
42 -47 27 0
-24 11 27 0
35 -51 57 0
-12 56 -37 0
24 -47 -12 0
-49 38 -14 0
6 -14 30 0
51 59 43 0
14 1 59 0
21 -3 53 0
15 -18 -43 0
-8 -33 11 0
-26 -19 -20 0
4 -2 -14 0
60 -35 59 0
-34 -45 -32 0
13 31 -48 0
48 -18 -7 0
-21 24 -36 0
-30 14 -51 0
-52 -20 51 0
-45 -16 -22 0
9 -30 -15 0
16 43 60 0
-28 -55 -21 0
27 45 -50 0
11 49 41 0
52 -27 -31 0
26 -31 14 0
18 33 58 0
-36 26 17 0
-6 43 35 0
-37 11 -43 0
-18 -15 5 0
48 39 53 0
4 11 35 0
26 -31 -13 0
23 -9 -51 0
-49 -52 46 0
-59 -25 -24 0
13 21 58 0
-34 -59 46 0
-30 35 -36 0
55 38 -60 0
-57 18 -55 0
-31 -22 -41 0
-52 -21 30 0
21 -49 -53 0
52 -45 -46 0
55 38 23 0
-10 -37 52 0
49 -23 54 0
-40 -22 2 0
-7 14 -8 0
-33 -18 -28 0
53 -26 57 0
-36 25 43 0
-3 32 51 0
2 -45 32 0
59 -52 60 0
52 26 35 0
-1 4 51 0
22 23 24 0
-45 18 -2 0
-14 -58 -57 0

c GPT solve time: 168.93 seconds

SATISFIABLE
43
21
x1 = TRUE
x2 = FALSE
x3 = FALSE
x4 = TRUE
x5 = FALSE
x6 = FALSE
x7 = TRUE
x8 = FALSE
x9 = FALSE
x10 = FALSE
x11 = FALSE
x12 = TRUE
x13 = FALSE
x14 = TRUE
x15 = FALSE
x16 = TRUE
x17 = TRUE
x18 = TRUE
x19 = FALSE
x20 = FALSE
x21 = FALSE
x22 = FALSE
x23 = TRUE
x24 = TRUE
x25 = FALSE
x26 = FALSE
x27 = FALSE
x28 = FALSE
x29 = FALSE
x30 = FALSE
x31 = FALSE
x32 = FALSE
x33 = TRUE
x34 = TRUE
x35 = FALSE
x36 = FALSE
x37 = FALSE
x38 = FALSE
x39 = TRUE
x40 = TRUE
x41 = FALSE
x42 = FALSE
x43 = FALSE
x44 = FALSE
x45 = FALSE
x46 = TRUE
x47 = FALSE
x48 = TRUE
x49 = FALSE
x50 = FALSE
x51 = FALSE
x52 = FALSE
x53 = FALSE
x54 = FALSE
x55 = FALSE
x56 = FALSE
x57 = FALSE
x58 = TRUE
x59 = FALSE
x60 = FALSE