c Random 3-SAT
c alpha=3.6, N=60, L=216, instance=2396
p cnf 60 216
49 -7 -12 0
48 8 5 0
-50 -3 -11 0
-51 -10 54 0
11 54 -29 0
12 9 -54 0
-17 12 48 0
56 -48 40 0
-55 -13 -28 0
-5 -57 -19 0
-43 7 -54 0
-55 21 -12 0
-5 -38 47 0
35 -6 39 0
31 -34 -37 0
28 25 39 0
-56 -54 22 0
35 30 -7 0
-35 1 52 0
-40 47 -11 0
35 -38 -25 0
33 32 34 0
-6 -10 54 0
-7 -58 30 0
-18 54 58 0
18 -30 13 0
16 -46 -22 0
-13 -26 4 0
-56 -22 -35 0
4 2 60 0
-17 55 -60 0
-55 -53 54 0
30 -19 15 0
-1 -46 -60 0
-7 -15 1 0
39 -1 -33 0
46 -23 34 0
20 -50 29 0
11 -55 -49 0
30 -21 -56 0
32 2 -6 0
20 50 -12 0
54 -22 -36 0
-32 5 20 0
59 51 3 0
1 -50 17 0
-43 -16 -51 0
-23 13 53 0
-56 -48 54 0
-32 26 16 0
17 -26 -6 0
40 54 -56 0
-51 19 -29 0
-50 1 -28 0
-13 -15 -60 0
-49 -7 -59 0
-27 46 8 0
-11 9 -16 0
-42 21 -4 0
-31 34 -50 0
17 -21 50 0
34 -30 31 0
-13 32 -15 0
-34 -56 23 0
12 34 -11 0
-41 -47 1 0
-21 -57 -7 0
53 -17 -34 0
-28 56 57 0
-52 51 -26 0
39 6 7 0
-28 -58 -9 0
46 -57 4 0
-14 -56 -33 0
-8 1 18 0
60 4 -24 0
-14 -46 -18 0
1 36 50 0
-16 27 -49 0
33 59 -47 0
-12 -45 -23 0
-43 41 27 0
52 21 5 0
-30 49 38 0
4 46 -56 0
28 -37 49 0
-3 -15 -52 0
13 -41 -17 0
46 -1 -12 0
-53 -3 2 0
43 -23 45 0
-30 -31 26 0
50 37 43 0
55 -11 -24 0
33 27 -40 0
17 -18 2 0
-30 8 -12 0
-47 -19 2 0
-22 2 38 0
12 -23 -6 0
-2 60 -19 0
-21 -43 -12 0
-38 55 -16 0
-14 29 57 0
32 -48 -29 0
-10 -8 -1 0
-44 -22 16 0
-59 29 26 0
-48 -29 24 0
-27 -54 -30 0
-33 -10 24 0
-24 -18 33 0
-42 -28 -34 0
-15 24 50 0
-24 -2 56 0
-7 -3 38 0
-43 54 -37 0
-44 27 36 0
47 2 -45 0
47 21 -54 0
51 9 -46 0
53 50 23 0
5 -53 -32 0
-18 22 -41 0
-50 -6 12 0
-52 18 -12 0
12 36 -29 0
-43 13 -12 0
-33 20 12 0
-4 -1 56 0
-33 53 -7 0
-40 37 -47 0
-51 57 25 0
-3 6 18 0
-41 3 58 0
14 -24 51 0
19 -26 -46 0
-54 32 50 0
16 49 -41 0
-45 37 -6 0
-27 -21 -59 0
8 -1 15 0
50 15 56 0
-33 -18 7 0
11 -38 -16 0
-48 -32 46 0
-25 4 18 0
10 -48 -21 0
-46 -15 20 0
-56 60 7 0
-45 -8 -22 0
-40 13 15 0
56 -10 14 0
-6 -19 37 0
-31 -6 4 0
12 2 -46 0
-59 -57 17 0
20 -36 -44 0
16 11 43 0
34 -29 -49 0
-44 12 36 0
-18 19 51 0
-13 -5 -50 0
-20 -46 -7 0
20 12 -26 0
-54 22 45 0
40 -56 -52 0
53 14 24 0
-57 52 49 0
35 -32 4 0
-17 -58 -45 0
14 -50 -39 0
29 -48 -40 0
10 6 57 0
-49 -19 -58 0
-42 -50 -24 0
-8 45 54 0
1 56 -18 0
-44 31 -47 0
-34 32 18 0
-5 21 17 0
-5 1 28 0
25 -38 14 0
-54 -15 58 0
-18 59 46 0
-37 23 18 0
50 9 41 0
48 -11 16 0
43 -14 19 0
-11 -44 -56 0
-55 13 -18 0
-19 -46 -50 0
55 40 10 0
60 45 17 0
-2 19 -1 0
21 -47 49 0
15 -17 -44 0
-23 22 46 0
-53 -58 37 0
-12 -53 38 0
-43 26 -16 0
-55 -4 -11 0
-27 -31 59 0
48 -34 -29 0
-1 -22 -39 0
-56 -16 -59 0
-28 11 24 0
-55 17 56 0
-21 -26 53 0
58 8 -24 0
37 48 -19 0
-24 -16 -8 0
56 -37 -22 0
-1 27 -17 0
30 -56 44 0
-23 -22 -1 0

c GPT solve time: 268.89 seconds

SATISFIABLE  
25  
1  
x1 = F  
x2 = T  
x3 = F  
x4 = T  
x5 = F  
x6 = F  
x7 = F  
x8 = F  
x9 = F  
x10 = T  
x11 = F  
x12 = T  
x13 = F  
x14 = T  
x15 = F  
x16 = T  
x17 = F  
x18 = F  
x19 = F  
x20 = T  
x21 = T  
x22 = T  
x23 = F  
x24 = T  
x25 = F  
x26 = T  
x27 = F  
x28 = T  
x29 = T  
x30 = F  
x31 = F  
x32 = T  
x33 = F  
x34 = F  
x35 = F  
x36 = F  
x37 = F  
x38 = F  
x39 = T  
x40 = F  
x41 = F  
x42 = F  
x43 = T  
x44 = F  
x45 = F  
x46 = T  
x47 = F  
x48 = T  
x49 = F  
x50 = T  
x51 = T  
x52 = F  
x53 = F  
x54 = T  
x55 = F  
x56 = T  
x57 = F  
x58 = F  
x59 = F  
x60 = T