c Random 3-SAT
c alpha=3.6, N=60, L=216, instance=9685
p cnf 60 216
-10 31 -53 0
51 -19 -6 0
-53 14 58 0
7 -32 -40 0
-21 57 29 0
-18 -20 6 0
45 1 22 0
-7 37 -30 0
44 33 49 0
-28 -32 -60 0
-12 -60 29 0
9 -6 39 0
-55 -39 50 0
-15 35 -28 0
41 -60 -15 0
37 -49 -24 0
54 35 -38 0
-4 42 45 0
22 41 23 0
-44 -28 40 0
40 -20 26 0
-50 -25 -38 0
16 27 -58 0
33 -27 -51 0
-7 -60 28 0
-4 10 -13 0
-55 -56 -22 0
-60 -16 -15 0
46 36 21 0
6 28 -8 0
-10 34 -6 0
43 -6 -22 0
1 -60 -26 0
-48 -51 18 0
20 26 -6 0
-1 50 16 0
-13 -32 39 0
48 12 -19 0
-1 15 23 0
41 36 43 0
54 -22 53 0
-5 38 11 0
44 -54 -30 0
-1 10 -47 0
-47 -30 20 0
6 -41 36 0
-4 -6 -24 0
-41 -2 11 0
-50 35 42 0
-27 -12 21 0
47 -38 -42 0
56 31 -17 0
-26 40 11 0
8 10 13 0
1 -59 -32 0
-51 60 -33 0
34 15 -6 0
-50 26 -42 0
47 50 49 0
-40 39 35 0
-15 3 -19 0
40 -8 35 0
-46 12 34 0
13 -56 17 0
-7 -57 -48 0
39 47 -19 0
-46 -7 56 0
-6 -40 12 0
-11 20 -34 0
12 -29 -55 0
-17 16 19 0
-31 -48 -3 0
33 -27 -40 0
-51 46 -45 0
-56 -7 -53 0
58 -34 21 0
-36 -28 6 0
39 46 -49 0
-14 50 23 0
39 53 60 0
-19 52 5 0
-24 -56 53 0
-14 -39 -34 0
-3 -26 -23 0
-31 12 40 0
-23 -21 -17 0
-11 43 17 0
-40 37 9 0
-42 -13 -27 0
-14 -47 49 0
-4 29 -45 0
-29 12 57 0
29 51 -22 0
-48 47 22 0
24 -25 -48 0
11 4 -39 0
-26 -29 -10 0
13 -47 7 0
-47 -3 -36 0
-31 -49 -4 0
-9 -41 -11 0
-40 -3 6 0
51 9 56 0
-20 51 22 0
14 -23 -26 0
-24 -9 46 0
-23 59 52 0
-54 12 41 0
3 -11 -8 0
-32 -54 25 0
-34 40 51 0
5 27 -51 0
19 -34 56 0
-53 -55 18 0
-60 -44 19 0
-12 20 32 0
59 -23 -7 0
-6 49 -29 0
-21 9 -54 0
17 32 60 0
-47 35 -30 0
-48 41 58 0
47 -24 -11 0
28 54 -12 0
59 28 -54 0
-29 -52 -43 0
42 -39 16 0
25 47 -41 0
11 55 -6 0
12 45 54 0
33 44 -39 0
-45 -36 -57 0
-39 12 4 0
55 -7 39 0
47 -7 -51 0
-49 8 15 0
56 22 -6 0
1 -21 -3 0
40 37 -4 0
16 -23 24 0
1 29 -46 0
47 49 15 0
19 13 27 0
-29 11 -49 0
-53 -35 -10 0
46 28 -45 0
-46 -38 -29 0
-37 -25 -5 0
-13 -46 28 0
-37 29 -57 0
-35 -24 21 0
18 14 21 0
19 -54 -11 0
-23 -7 -59 0
-27 20 24 0
10 21 45 0
53 60 -50 0
6 16 35 0
-22 42 24 0
32 -18 -31 0
-38 52 -10 0
-18 52 -7 0
18 33 5 0
-10 -57 60 0
23 58 6 0
-47 -38 -59 0
-37 -38 20 0
-58 46 33 0
11 49 -16 0
-21 -12 29 0
34 -32 -57 0
59 13 31 0
-26 -41 -43 0
38 5 -19 0
-9 48 -42 0
33 -45 7 0
-9 12 -28 0
36 -18 59 0
-16 29 6 0
48 55 -59 0
22 27 -4 0
33 -23 22 0
9 -35 -45 0
-12 8 44 0
54 31 -33 0
-42 -31 21 0
2 54 15 0
1 22 -40 0
-29 51 28 0
8 16 -5 0
8 49 -59 0
24 53 -28 0
26 -16 -28 0
34 24 29 0
-35 54 -45 0
-49 20 -16 0
21 23 12 0
41 -34 7 0
-12 33 -45 0
-17 -50 -5 0
51 36 -60 0
-31 -25 -56 0
36 16 11 0
2 59 45 0
-28 -26 52 0
15 58 -1 0
-43 -44 -36 0
-54 8 17 0
33 -60 -43 0
-6 -10 57 0
-14 17 3 0
50 -23 -51 0
-5 -29 31 0
-12 49 4 0
-60 17 7 0
-50 -38 -27 0

c GPT solve time: 168.15 seconds

SATISFIABLE
20
5
x1=false
x2=false
x3=false
x4=true
x5=false
x6=false
x7=false
x8=false
x9=false
x10=false
x11=false
x12=true
x13=false
x14=false
x15=false
x16=false
x17=false
x18=false
x19=false
x20=true
x21=false
x22=true
x23=false
x24=false
x25=false
x26=false
x27=true
x28=false
x29=true
x30=false
x31=false
x32=false
x33=false
x34=false
x35=false
x36=false
x37=false
x38=false
x39=true
x40=false
x41=false
x42=true
x43=false
x44=false
x45=true
x46=false
x47=false
x48=false
x49=true
x50=false
x51=false
x52=false
x53=false
x54=false
x55=false
x56=false
x57=false
x58=false
x59=false
x60=false