c Random 3-SAT
c alpha=3.5, N=60, L=210, instance=8397
p cnf 60 210
46 -39 -26 0
-36 34 8 0
-43 54 39 0
51 -8 -29 0
56 2 5 0
31 8 47 0
41 45 -34 0
-18 43 -54 0
5 50 29 0
-32 -41 -1 0
12 -40 -56 0
-2 -1 -23 0
57 -29 44 0
25 56 7 0
12 -38 55 0
-15 -52 -23 0
-3 39 -20 0
-34 19 -60 0
18 37 -38 0
14 28 -19 0
-23 9 57 0
42 -34 56 0
38 -33 35 0
19 41 34 0
41 46 -50 0
47 -53 57 0
-57 -60 54 0
34 -46 36 0
-3 -6 27 0
-11 5 -16 0
-50 -26 39 0
31 -4 18 0
21 -26 -40 0
6 11 46 0
6 -11 48 0
17 -49 -55 0
10 -16 -38 0
42 41 -28 0
-45 33 -16 0
-8 49 -50 0
56 -26 8 0
-50 12 -29 0
-23 52 20 0
42 25 40 0
34 53 40 0
-40 29 -2 0
-60 24 31 0
-5 -34 18 0
48 22 4 0
46 40 -24 0
4 41 -24 0
-18 3 20 0
-1 -56 3 0
-30 13 35 0
52 58 18 0
16 59 30 0
24 55 -32 0
46 -20 -52 0
-2 8 18 0
31 -13 -21 0
43 -48 -47 0
-12 58 -33 0
-38 30 7 0
4 34 21 0
-53 -19 20 0
56 -32 -7 0
-22 -41 -39 0
-42 17 45 0
-32 15 27 0
-32 55 12 0
-13 48 -6 0
48 -21 -23 0
39 9 -18 0
4 -14 32 0
19 49 42 0
58 52 7 0
-13 59 25 0
20 60 4 0
-32 -21 50 0
-4 39 15 0
15 2 -55 0
-15 29 -8 0
-32 54 18 0
50 47 20 0
-3 -54 41 0
40 -59 -38 0
-1 -24 45 0
-32 7 21 0
22 29 -41 0
-45 -58 53 0
38 -52 -51 0
55 50 -51 0
-40 -52 17 0
53 59 -49 0
-9 17 8 0
17 20 -21 0
-22 57 -49 0
26 22 58 0
-50 4 -26 0
38 22 17 0
-46 41 7 0
58 57 48 0
38 -45 -4 0
30 29 52 0
1 -18 22 0
9 -29 32 0
-29 17 3 0
-8 -20 42 0
-54 35 10 0
-7 21 4 0
34 -22 56 0
-20 1 29 0
25 -15 -28 0
-28 -44 -2 0
-46 -41 -33 0
-32 14 55 0
27 18 -10 0
8 -50 27 0
-22 -25 -58 0
18 57 42 0
-35 52 -6 0
2 -22 26 0
-32 -39 -53 0
14 23 -29 0
-43 13 6 0
34 -26 -43 0
7 58 59 0
23 -59 26 0
-19 -12 4 0
50 15 23 0
-26 9 -32 0
16 -21 -43 0
-23 -16 -30 0
7 -6 45 0
-18 -8 11 0
-8 -7 -19 0
3 -14 -54 0
26 45 55 0
-34 1 59 0
-8 1 29 0
24 34 57 0
57 8 27 0
-10 8 -18 0
-39 -5 -11 0
29 -34 4 0
-18 -22 -9 0
-7 56 -33 0
-48 -54 7 0
21 3 42 0
55 41 35 0
-29 35 19 0
16 22 -49 0
-3 34 24 0
-39 -44 -46 0
-49 23 -15 0
-13 -21 5 0
6 -44 -43 0
-54 -20 26 0
-39 43 -46 0
-18 13 -17 0
-50 46 -12 0
17 31 2 0
-58 40 6 0
44 9 1 0
40 -48 12 0
-9 -55 -33 0
-43 -56 -4 0
-18 -4 43 0
-39 -2 -46 0
-29 -17 -31 0
46 -5 9 0
38 -43 -22 0
11 36 -49 0
30 -23 -17 0
-55 -58 18 0
-22 -8 11 0
-56 34 -16 0
-5 16 46 0
-24 -54 -8 0
-55 48 47 0
24 -26 -57 0
-19 31 18 0
-38 -29 -8 0
-52 13 -27 0
22 -35 -58 0
33 -57 58 0
38 -56 -21 0
-53 -38 36 0
42 -31 44 0
-6 32 -15 0
-53 -10 -5 0
8 2 15 0
-3 -41 -39 0
44 60 -31 0
-59 -5 35 0
-42 41 26 0
14 32 -48 0
21 48 8 0
60 -4 -43 0
53 10 45 0
55 -37 25 0
39 51 50 0
-16 -23 -39 0
-17 -43 37 0
48 -45 -19 0
-53 -8 13 0
55 58 -18 0
36 -38 -14 0
-56 18 -30 0
-45 -17 10 0

c GPT solve time: 125.19 seconds

SATISFIABLE
120
35
x1=False
x2=True
x3=False
x4=True
x5=True
x6=True
x7=True
x8=True
x9=True
x10=True
x11=True
x12=True
x13=True
x14=True
x15=False
x16=True
x17=True
x18=True
x19=True
x20=True
x21=True
x22=False
x23=True
x24=True
x25=True
x26=True
x27=True
x28=True
x29=True
x30=True
x31=True
x32=True
x33=True
x34=True
x35=True
x36=True
x37=True
x38=True
x39=True
x40=True
x41=True
x42=True
x43=True
x44=True
x45=False
x46=False
x47=True
x48=True
x49=True
x50=False
x51=True
x52=True
x53=False
x54=False
x55=True
x56=False
x57=False
x58=True
x59=True
x60=True