c Random 3-SAT
c alpha=3.7, N=60, L=222, instance=150
p cnf 60 222
25 -20 -3 0
56 14 12 0
46 21 37 0
25 -47 -53 0
42 -11 15 0
9 -47 -40 0
-41 -7 -35 0
-56 -21 16 0
-5 -31 57 0
37 46 43 0
-52 17 27 0
29 -3 -14 0
9 51 -17 0
21 -8 14 0
-55 28 -31 0
-31 49 14 0
60 -32 -34 0
50 -37 -36 0
13 27 -45 0
-8 -18 -36 0
36 59 -48 0
48 -8 2 0
31 7 57 0
-13 -2 -15 0
-25 10 -56 0
26 43 -46 0
45 38 44 0
38 -14 21 0
-17 -56 13 0
-3 -57 -28 0
-6 -47 10 0
48 -7 37 0
40 20 55 0
-58 14 -56 0
-37 -13 -34 0
45 60 3 0
56 17 32 0
-32 47 39 0
-60 27 -16 0
45 -50 -23 0
56 -15 13 0
-13 42 2 0
-40 -49 58 0
57 39 7 0
47 18 -5 0
16 50 27 0
-20 -11 -44 0
53 32 30 0
-40 -21 15 0
-48 59 -41 0
-13 59 56 0
35 -2 26 0
45 -60 32 0
47 -9 -3 0
55 -33 -43 0
58 -21 16 0
2 -37 12 0
19 56 3 0
-37 -30 34 0
1 -23 -37 0
-32 59 43 0
44 42 -15 0
-26 20 48 0
-11 -25 -39 0
-8 -16 32 0
-5 -22 49 0
-28 24 33 0
41 -17 -32 0
-33 15 -1 0
-11 -17 -28 0
-42 -6 -49 0
39 16 44 0
-11 37 -24 0
-55 -13 -34 0
-28 8 -18 0
-19 40 46 0
-44 33 -59 0
-43 -29 -34 0
-48 30 34 0
-22 2 -17 0
-39 -41 -56 0
-29 10 28 0
20 -19 1 0
33 -30 19 0
-18 -55 60 0
18 -12 -50 0
14 42 51 0
-60 57 -19 0
-57 9 -28 0
-27 -39 -5 0
2 -13 -1 0
47 2 -40 0
-59 43 11 0
18 -10 2 0
22 44 43 0
-20 1 33 0
7 38 -13 0
-3 52 -50 0
-5 38 -24 0
-46 32 -39 0
-3 -32 -26 0
-45 -23 28 0
4 10 -29 0
9 -40 55 0
2 39 43 0
34 18 -24 0
-46 39 -26 0
50 21 -54 0
-23 24 52 0
8 36 -59 0
-46 -6 54 0
55 -12 -48 0
30 -58 52 0
-8 33 -35 0
-54 -5 18 0
33 56 24 0
-49 20 -3 0
-36 22 45 0
19 5 -32 0
-54 -1 58 0
-9 16 54 0
16 -42 13 0
40 -55 1 0
17 -49 16 0
50 16 -56 0
-49 -1 48 0
39 21 24 0
-30 17 41 0
56 -53 -39 0
43 -36 18 0
48 46 -33 0
-39 -46 4 0
35 23 -51 0
9 54 -57 0
-38 -43 -34 0
-4 -48 -24 0
-59 -9 -32 0
41 -5 -10 0
-43 27 50 0
38 -47 -54 0
2 -38 -11 0
8 2 56 0
47 -27 -55 0
19 -18 39 0
-41 34 -38 0
-25 -15 10 0
22 48 18 0
-58 29 -2 0
3 12 52 0
-17 -23 54 0
-16 19 4 0
55 7 19 0
17 50 -39 0
-31 25 36 0
19 -18 4 0
-25 -44 11 0
4 46 30 0
-2 5 12 0
40 60 -46 0
25 51 -52 0
7 9 -33 0
53 40 -27 0
-16 45 -18 0
22 -16 -43 0
12 53 57 0
-4 -9 25 0
-24 6 -40 0
30 -36 40 0
54 5 -43 0
-18 -31 -57 0
25 57 10 0
-52 -33 38 0
39 22 17 0
9 44 27 0
38 -10 -27 0
-2 25 -7 0
-16 -33 -10 0
2 41 47 0
-20 60 4 0
21 -20 36 0
39 -52 -45 0
7 42 -9 0
-39 -15 -21 0
-16 -36 -53 0
31 25 36 0
-25 47 7 0
33 -35 7 0
-39 54 -13 0
-14 53 58 0
-56 3 59 0
22 -6 -46 0
-9 -5 -14 0
-17 54 34 0
44 7 -52 0
21 -46 -51 0
-12 51 2 0
9 -33 15 0
-45 -49 -18 0
-7 -55 -38 0
13 28 -19 0
15 57 52 0
55 46 45 0
-50 14 -29 0
22 15 -2 0
24 -19 20 0
2 -36 9 0
58 29 -24 0
59 26 -9 0
35 59 48 0
-38 -7 -1 0
-40 24 50 0
-7 54 -9 0
57 9 54 0
-15 36 8 0
45 39 23 0
-4 -3 -20 0
-49 -53 11 0
41 38 25 0
-54 19 33 0
-15 40 -12 0
-36 -24 3 0
55 -42 26 0

c GPT solve time: 170.99 seconds

SATISFIABLE
42
35
x1 = F
x2 = F
x3 = F
x4 = F
x5 = F
x6 = F
x7 = F
x8 = F
x9 = F
x10 = F
x11 = F
x12 = T
x13 = F
x14 = T
x15 = F
x16 = T
x17 = T
x18 = F
x19 = F
x20 = F
x21 = T
x22 = F
x23 = F
x24 = F
x25 = F
x26 = F
x27 = F
x28 = F
x29 = F
x30 = F
x31 = F
x32 = T
x33 = T
x34 = F
x35 = F
x36 = F
x37 = F
x38 = F
x39 = F
x40 = F
x41 = F
x42 = F
x43 = T
x44 = T
x45 = F
x46 = T
x47 = F
x48 = F
x49 = F
x50 = F
x51 = F
x52 = F
x53 = F
x54 = T
x55 = F
x56 = F
x57 = F
x58 = F
x59 = T
x60 = F