c Random 3-SAT
c alpha=3.7, N=60, L=222, instance=4108
p cnf 60 222
43 22 -30 0
53 -57 -38 0
-57 30 -55 0
-46 -57 14 0
22 -33 28 0
-38 12 31 0
-18 16 -21 0
30 -47 -3 0
-17 4 -1 0
-51 26 41 0
57 -9 60 0
-22 -59 -47 0
-8 -6 -45 0
11 -6 10 0
30 36 50 0
11 42 22 0
58 16 -60 0
-2 -4 15 0
-32 -22 -10 0
-60 39 -47 0
-7 42 34 0
52 6 -25 0
-30 -32 56 0
26 -22 -23 0
-22 40 -35 0
-12 -39 -36 0
55 15 -16 0
-15 -11 19 0
40 46 -36 0
-55 13 -1 0
43 -53 1 0
-30 14 29 0
21 8 41 0
39 16 -19 0
-11 23 55 0
45 5 42 0
-13 -19 -20 0
-32 27 2 0
35 -22 47 0
-48 -46 -15 0
3 6 -4 0
-59 22 55 0
42 48 8 0
-1 -45 55 0
-40 52 -31 0
17 44 -10 0
-4 -28 -7 0
11 -59 60 0
17 -5 -57 0
39 44 40 0
-40 9 11 0
-32 -33 -23 0
-53 4 -25 0
-25 -4 -38 0
-18 -26 52 0
-56 15 28 0
18 8 -10 0
45 53 -6 0
16 -33 55 0
37 -42 -2 0
-44 -34 -25 0
11 46 37 0
-54 56 24 0
-1 -59 13 0
-7 14 -56 0
-58 11 16 0
37 -21 11 0
12 7 -41 0
-50 34 -11 0
50 7 -41 0
23 34 10 0
60 6 30 0
36 37 55 0
-25 -42 20 0
-42 13 25 0
13 36 4 0
-42 -27 -1 0
-40 -54 -35 0
-5 22 -26 0
60 -31 -17 0
-14 -58 18 0
40 -57 25 0
48 2 -37 0
50 38 -23 0
45 -8 -7 0
41 -37 -22 0
6 -40 30 0
-19 -6 28 0
-24 -16 44 0
-45 -1 2 0
-13 23 -42 0
44 46 -42 0
-11 -20 -31 0
-28 26 -13 0
-40 -17 -23 0
8 -34 -3 0
-50 19 24 0
-44 60 -1 0
-7 -55 -23 0
33 36 32 0
39 -4 13 0
48 -25 8 0
-43 15 10 0
1 24 -4 0
-11 -40 -30 0
-24 -10 2 0
5 -31 57 0
41 -51 34 0
21 -26 53 0
30 39 52 0
45 13 -19 0
24 -43 38 0
-1 -31 57 0
-19 -17 -36 0
-35 58 -41 0
21 10 -56 0
-21 -40 -15 0
-39 24 -16 0
-23 53 -11 0
10 1 -42 0
36 -15 -31 0
58 41 -37 0
18 -1 -31 0
15 -45 1 0
7 -31 40 0
-41 -60 45 0
59 -35 32 0
37 -48 -15 0
-53 9 -21 0
27 -56 -18 0
57 14 -29 0
48 -23 42 0
26 37 6 0
-46 31 42 0
10 41 -11 0
56 -11 9 0
-4 19 -7 0
-59 19 16 0
-46 12 26 0
34 59 -10 0
60 -54 50 0
-28 -53 -26 0
-1 -51 -7 0
15 14 -54 0
-48 -11 -27 0
-26 -1 18 0
57 56 33 0
-46 31 -1 0
-58 52 51 0
-29 -28 -20 0
29 -22 -59 0
34 39 -40 0
4 2 27 0
4 -7 11 0
60 40 9 0
50 -2 11 0
-1 5 -56 0
-15 -56 22 0
37 2 15 0
4 33 44 0
-4 -48 9 0
6 -40 35 0
-1 8 -35 0
-37 -36 -56 0
-43 -48 -44 0
-57 -1 -31 0
35 10 -37 0
-28 -52 19 0
26 -33 28 0
25 39 -34 0
-8 -17 -37 0
52 13 -23 0
-4 53 -25 0
15 -51 -11 0
40 -52 -11 0
-57 -27 -41 0
-48 -28 11 0
-24 -17 3 0
-55 40 5 0
-34 58 10 0
-33 21 -59 0
13 55 8 0
50 -14 -51 0
25 -9 54 0
17 -24 46 0
12 -46 -33 0
27 -6 46 0
-24 43 51 0
-56 -24 -53 0
28 59 -23 0
-43 44 46 0
44 -59 58 0
-31 -41 24 0
46 38 -31 0
-59 12 28 0
41 -30 37 0
-4 -21 48 0
27 -7 31 0
47 -34 57 0
39 15 -10 0
-20 24 43 0
21 -56 -38 0
11 28 -43 0
-6 -14 43 0
56 50 -4 0
33 -22 -4 0
-38 48 -2 0
-15 -44 1 0
-20 -39 50 0
12 26 32 0
-46 -49 4 0
6 -38 -42 0
-4 54 -53 0
52 -27 -53 0
28 -43 15 0
-1 -28 39 0
45 32 -21 0
-59 58 29 0
4 37 59 0
60 55 7 0
-41 -18 10 0
-54 -57 -1 0

c GPT solve time: 261.98 seconds

SATISFIABLE
53
27
x1 = TRUE
x2 = FALSE
x3 = FALSE
x4 = FALSE
x5 = TRUE
x6 = FALSE
x7 = TRUE
x8 = TRUE
x9 = TRUE
x10 = FALSE
x11 = FALSE
x12 = FALSE
x13 = FALSE
x14 = TRUE
x15 = FALSE
x16 = TRUE
x17 = FALSE
x18 = FALSE
x19 = FALSE
x20 = FALSE
x21 = FALSE
x22 = TRUE
x23 = FALSE
x24 = FALSE
x25 = FALSE
x26 = FALSE
x27 = FALSE
x28 = FALSE
x29 = FALSE
x30 = TRUE
x31 = TRUE
x32 = FALSE
x33 = FALSE
x34 = FALSE
x35 = FALSE
x36 = FALSE
x37 = FALSE
x38 = FALSE
x39 = FALSE
x40 = TRUE
x41 = TRUE
x42 = TRUE
x43 = FALSE
x44 = FALSE
x45 = TRUE
x46 = TRUE
x47 = FALSE
x48 = FALSE
x49 = FALSE
x50 = FALSE
x51 = FALSE
x52 = FALSE
x53 = FALSE
x54 = FALSE
x55 = TRUE
x56 = FALSE
x57 = FALSE
x58 = FALSE
x59 = FALSE
x60 = TRUE