c Random 3-SAT
c alpha=3.7, N=60, L=222, instance=2905
p cnf 60 222
-15 17 -36 0
24 3 -43 0
-8 -33 -35 0
-43 -5 -12 0
35 54 -33 0
29 10 -50 0
7 -17 -37 0
-25 22 -4 0
17 -25 -30 0
-41 -3 -49 0
11 59 38 0
-45 -57 46 0
24 -22 -40 0
-2 -25 12 0
-48 55 -33 0
-12 8 -39 0
49 1 -26 0
-10 -32 54 0
-4 11 -38 0
36 -26 -56 0
54 14 4 0
29 -17 40 0
-55 -28 58 0
-9 -7 -16 0
15 -60 6 0
37 -23 -39 0
51 -7 -29 0
60 8 -10 0
-29 -8 58 0
12 -53 -9 0
-1 -11 32 0
-37 -53 -55 0
-11 -16 44 0
-16 -31 -18 0
19 34 41 0
-4 -48 45 0
59 -23 35 0
17 -35 -38 0
60 53 10 0
-36 57 15 0
-30 24 -45 0
-21 -55 -59 0
38 59 3 0
-51 39 50 0
38 -28 -10 0
58 36 -39 0
32 13 2 0
-38 18 -40 0
-1 14 -37 0
38 -34 46 0
49 -20 37 0
48 -39 -45 0
60 36 -10 0
33 -55 29 0
6 -1 -24 0
51 -49 30 0
-41 9 -54 0
-3 40 -56 0
34 39 44 0
34 -54 -60 0
31 -54 58 0
30 45 -13 0
47 -6 37 0
46 -1 -58 0
40 42 60 0
-44 25 33 0
46 42 -34 0
8 13 21 0
-30 8 -55 0
25 54 11 0
-59 -20 -15 0
58 4 46 0
10 -38 -26 0
-32 -51 -36 0
-6 56 -4 0
-2 -53 15 0
38 58 10 0
38 -48 33 0
36 -46 58 0
6 -3 52 0
45 -46 4 0
-53 -9 55 0
4 43 -12 0
60 29 -7 0
-36 30 4 0
17 -29 -30 0
-56 -22 2 0
-30 5 15 0
-47 51 45 0
3 42 -46 0
-49 7 22 0
54 40 -32 0
-24 56 -60 0
-32 58 15 0
-46 37 -22 0
45 57 -58 0
-26 -19 -34 0
-11 7 -35 0
50 -10 -36 0
-11 47 -60 0
22 -17 -36 0
-46 53 26 0
-58 -50 -15 0
30 -36 39 0
-54 -47 -33 0
15 -59 42 0
32 6 -49 0
55 -14 54 0
-51 -53 22 0
47 -28 9 0
15 56 -1 0
37 49 -59 0
15 -10 -55 0
36 -38 -27 0
-32 -38 -41 0
15 -37 14 0
49 37 28 0
12 42 60 0
46 37 15 0
51 -45 -7 0
32 -30 14 0
4 -40 16 0
-17 56 -14 0
-46 58 -27 0
37 -51 13 0
-51 58 -54 0
29 -11 -18 0
-54 56 4 0
55 -34 57 0
-43 -50 -31 0
-51 -24 11 0
-21 48 34 0
-46 1 34 0
26 31 35 0
11 -9 12 0
-15 -27 33 0
17 -10 25 0
43 59 47 0
47 12 20 0
-38 -19 -33 0
-2 -14 23 0
-41 -2 -3 0
39 1 -50 0
28 38 32 0
34 6 42 0
-32 -7 30 0
-5 -38 -51 0
-23 -36 20 0
-58 34 57 0
22 24 40 0
-19 29 -7 0
-57 60 -35 0
14 21 -27 0
-21 52 -11 0
13 55 -23 0
46 6 -33 0
-23 60 -2 0
17 -15 -28 0
-38 33 -42 0
5 -38 -35 0
4 27 2 0
-18 50 28 0
38 -6 -52 0
-58 29 14 0
24 -29 21 0
-22 36 57 0
58 48 -2 0
-10 13 27 0
56 19 -54 0
60 -46 37 0
-23 -52 -12 0
8 -12 57 0
-58 23 17 0
56 38 35 0
-51 -59 32 0
3 -21 31 0
49 28 25 0
-11 -7 25 0
6 18 -17 0
54 3 2 0
-60 29 -58 0
12 35 29 0
-9 20 -12 0
4 38 -18 0
32 57 47 0
-3 -40 52 0
55 39 -60 0
-2 56 4 0
-1 44 -30 0
-37 -50 -16 0
-2 10 48 0
-13 -49 -52 0
-27 48 59 0
44 55 6 0
-45 13 -31 0
19 -60 35 0
30 50 52 0
-45 12 4 0
-20 60 -42 0
-21 -12 9 0
33 5 47 0
-3 24 -21 0
20 44 16 0
58 -47 53 0
-38 -1 30 0
-54 26 3 0
60 39 27 0
-20 44 -18 0
-3 -43 -15 0
-7 -28 6 0
18 -60 35 0
-11 58 -19 0
5 -54 8 0
-29 21 19 0
53 28 -9 0
57 11 1 0
16 -56 -39 0
32 -54 47 0
-58 48 -46 0
14 -4 -44 0
-34 51 -23 0
-18 -45 -48 0

c GPT solve time: 250.39 seconds

SATISFIABLE
32
32
x1 = FALSE
x2 = TRUE
x3 = TRUE
x4 = TRUE
x5 = FALSE
x6 = TRUE
x7 = FALSE
x8 = TRUE
x9 = FALSE
x10 = TRUE
x11 = TRUE
x12 = FALSE
x13 = TRUE
x14 = TRUE
x15 = TRUE
x16 = FALSE
x17 = TRUE
x18 = FALSE
x19 = TRUE
x20 = TRUE
x21 = FALSE
x22 = TRUE
x23 = TRUE
x24 = TRUE
x25 = FALSE
x26 = TRUE
x27 = FALSE
x28 = TRUE
x29 = TRUE
x30 = TRUE
x31 = FALSE
x32 = FALSE
x33 = FALSE
x34 = TRUE
x35 = TRUE
x36 = TRUE
x37 = FALSE
x38 = FALSE
x39 = TRUE
x40 = FALSE
x41 = FALSE
x42 = FALSE
x43 = FALSE
x44 = FALSE
x45 = FALSE
x46 = TRUE
x47 = TRUE
x48 = TRUE
x49 = FALSE
x50 = TRUE
x51 = TRUE
x52 = FALSE
x53 = FALSE
x54 = FALSE
x55 = FALSE
x56 = FALSE
x57 = TRUE
x58 = TRUE
x59 = FALSE
x60 = TRUE