c Random 3-SAT
c alpha=3.6, N=60, L=216, instance=9496
p cnf 60 216
41 -33 -7 0
18 1 -15 0
-19 50 18 0
-13 -47 25 0
34 -5 35 0
-23 18 4 0
9 38 21 0
30 -28 -33 0
-4 -36 -17 0
-44 33 -43 0
24 4 49 0
1 45 -21 0
-6 9 -26 0
-48 47 38 0
32 20 -29 0
-23 44 -1 0
-55 -25 -11 0
7 -11 -41 0
35 -24 -37 0
25 42 24 0
-24 -2 -8 0
-13 7 19 0
2 55 -9 0
20 27 -23 0
41 -59 37 0
-41 -20 -40 0
-21 33 -24 0
57 6 -34 0
15 24 -43 0
-30 -18 39 0
33 44 31 0
-52 -25 5 0
14 -32 -42 0
-13 -16 12 0
-58 47 60 0
55 -27 -38 0
15 55 -16 0
17 -14 -8 0
33 43 -1 0
-23 -14 -44 0
-31 -51 -58 0
-12 28 -50 0
9 25 -44 0
-51 -55 31 0
-36 -42 33 0
6 -58 11 0
-10 21 46 0
28 -9 -13 0
57 44 -29 0
60 -50 -52 0
56 24 28 0
30 -58 4 0
53 4 -42 0
48 31 -38 0
3 2 34 0
27 56 40 0
44 57 -53 0
-3 30 22 0
51 -29 -58 0
17 16 -1 0
14 -24 -44 0
27 -59 39 0
-37 26 -47 0
55 41 -38 0
-29 19 -57 0
8 -15 31 0
18 6 -8 0
-57 35 26 0
-55 60 -19 0
56 -8 -16 0
-3 58 -49 0
-34 18 -41 0
17 -39 47 0
47 -16 49 0
-30 -55 35 0
4 41 -8 0
31 3 44 0
12 15 5 0
1 44 -14 0
36 -15 41 0
-37 -54 1 0
28 30 53 0
-3 -57 26 0
41 39 -5 0
-22 32 3 0
-18 29 58 0
3 41 8 0
55 -35 15 0
10 49 -7 0
-9 11 -20 0
49 -2 -37 0
8 -14 38 0
-43 25 -59 0
7 -21 44 0
5 4 -43 0
17 -59 -60 0
-24 17 21 0
-11 -53 13 0
43 7 23 0
-11 -39 -28 0
-19 -37 46 0
18 9 -34 0
5 -4 38 0
36 9 17 0
58 11 46 0
28 -17 -49 0
21 40 55 0
49 -39 50 0
51 -55 -53 0
-27 14 -29 0
8 -38 34 0
2 35 -57 0
-29 48 -26 0
-4 -50 38 0
28 11 12 0
9 -25 -2 0
27 -45 -33 0
21 -56 -24 0
24 -11 -3 0
37 -18 1 0
2 -28 -35 0
-18 -59 -36 0
9 -49 39 0
-38 -36 44 0
11 10 -12 0
-38 -27 -7 0
-33 -37 -18 0
39 -5 -11 0
12 -15 -42 0
-54 38 -21 0
9 -35 30 0
-50 -1 -57 0
27 -39 9 0
-37 55 -12 0
60 -45 44 0
-10 -2 54 0
57 -15 -32 0
34 53 15 0
-57 -39 17 0
20 -6 23 0
12 -10 -24 0
33 59 11 0
-47 -4 -38 0
29 -17 7 0
-41 6 14 0
-20 -51 -1 0
35 -31 60 0
42 40 21 0
-29 20 -53 0
-18 -45 53 0
-52 -10 45 0
14 -19 32 0
-34 -7 14 0
29 -48 41 0
-3 57 18 0
30 5 -9 0
-12 -11 28 0
-13 17 -42 0
-40 -20 -15 0
-10 24 45 0
-28 -6 -39 0
48 19 -32 0
-44 -13 49 0
32 -37 -14 0
49 42 29 0
56 31 32 0
-55 -31 14 0
47 -42 29 0
6 -33 -39 0
-52 -47 -51 0
-8 60 46 0
-30 -11 -57 0
20 29 -6 0
-9 53 -14 0
43 47 -21 0
-30 33 -44 0
-27 40 16 0
51 -45 6 0
-11 16 60 0
31 43 60 0
38 49 -55 0
-29 12 40 0
4 -31 40 0
-16 -2 51 0
51 44 -32 0
-15 -55 37 0
-48 3 -16 0
-46 44 -12 0
-29 56 8 0
6 -37 48 0
-2 -7 33 0
-56 48 -11 0
14 37 7 0
54 36 -34 0
11 -10 -49 0
-7 23 -12 0
-31 -53 -38 0
1 -28 -5 0
-57 -33 30 0
-4 43 -34 0
-10 33 44 0
47 60 -51 0
45 -46 47 0
-30 -22 1 0
12 -59 -37 0
-25 -28 30 0
19 -15 17 0
-53 40 59 0
33 -21 -32 0
-23 32 24 0
31 -40 26 0
19 4 18 0
-40 -21 30 0
24 -35 11 0
10 -29 -40 0
-30 -15 -60 0

c GPT solve time: 92.22 seconds

SATISFIABLE
17
5
x1 = F
x2 = T
x3 = F
x4 = F
x5 = T
x6 = F
x7 = T
x8 = F
x9 = F
x10 = F
x11 = F
x12 = F
x13 = F
x14 = F
x15 = F
x16 = F
x17 = F
x18 = T
x19 = F
x20 = F
x21 = T
x22 = F
x23 = F
x24 = T
x25 = F
x26 = F
x27 = F
x28 = F
x29 = T
x30 = F
x31 = T
x32 = F
x33 = T
x34 = F
x35 = F
x36 = F
x37 = F
x38 = F
x39 = F
x40 = F
x41 = T
x42 = F
x43 = F
x44 = F
x45 = F
x46 = F
x47 = F
x48 = F
x49 = F
x50 = F
x51 = F
x52 = F
x53 = T
x54 = F
x55 = F
x56 = T
x57 = F
x58 = F
x59 = F
x60 = F