c Random 3-SAT
c alpha=3.7, N=60, L=222, instance=2095
p cnf 60 222
-25 -22 56 0
53 -12 60 0
9 25 32 0
30 19 20 0
7 53 40 0
12 -32 -29 0
8 -2 60 0
13 -14 2 0
-41 30 50 0
-17 22 -24 0
51 1 -33 0
-34 -2 50 0
28 19 -9 0
40 -50 -54 0
46 -56 20 0
-46 -42 59 0
39 -27 -54 0
19 -35 33 0
-4 6 57 0
-53 -49 14 0
30 -48 -34 0
-60 17 7 0
37 11 -8 0
-43 -13 7 0
-16 36 35 0
-31 -49 58 0
6 42 41 0
-50 -9 42 0
-25 -47 -6 0
-13 33 24 0
-37 -44 -18 0
-33 9 44 0
10 -32 -50 0
-19 25 -7 0
-41 8 27 0
58 26 24 0
40 10 25 0
8 40 -51 0
-46 -27 -33 0
58 52 -17 0
37 20 22 0
13 -1 18 0
-16 43 60 0
31 -60 -2 0
57 43 -22 0
-33 32 -11 0
53 -50 -1 0
60 58 55 0
58 44 16 0
-11 28 20 0
38 28 42 0
38 11 33 0
-29 -25 -55 0
-58 -24 -23 0
58 47 -35 0
38 60 5 0
47 25 6 0
-60 22 -39 0
-22 -56 47 0
-56 17 -35 0
-60 -53 55 0
25 -15 -29 0
-25 1 -55 0
35 43 -33 0
-30 55 -31 0
19 48 -22 0
-8 40 -57 0
10 -12 -29 0
-39 9 -43 0
-7 -54 -39 0
27 -1 41 0
-19 51 41 0
-13 60 47 0
-46 -54 -19 0
-3 22 7 0
30 27 24 0
-46 6 -59 0
52 46 -43 0
-58 20 44 0
24 52 -23 0
-20 50 -47 0
-52 54 22 0
-12 -53 -10 0
-54 7 -48 0
-45 28 -27 0
-52 18 -40 0
30 16 17 0
-50 -33 57 0
19 -60 23 0
1 -34 10 0
-1 -8 31 0
-49 -7 -32 0
-59 -34 -22 0
-22 -28 35 0
-43 1 -26 0
49 17 43 0
-29 43 41 0
43 37 1 0
-48 20 3 0
59 -20 -34 0
57 45 -10 0
-11 -59 -13 0
-32 -33 -57 0
27 41 42 0
58 10 -31 0
-40 24 -34 0
35 -49 5 0
50 -51 53 0
-20 -1 -17 0
25 -31 28 0
30 -2 -27 0
29 -26 -51 0
51 -13 45 0
-57 -41 14 0
-14 59 -7 0
-42 60 59 0
-5 55 -17 0
-6 18 -12 0
-30 -2 59 0
37 -2 -42 0
24 26 -14 0
-40 -38 52 0
31 -47 18 0
55 5 43 0
5 -33 -43 0
31 19 -52 0
-17 -33 -39 0
-46 -10 -7 0
-45 1 37 0
16 54 -38 0
21 20 5 0
-31 -18 -41 0
12 -26 -9 0
-54 44 -14 0
27 -23 53 0
-51 22 2 0
45 26 38 0
-22 -6 54 0
-56 33 21 0
-42 -27 3 0
-31 -60 -47 0
-20 56 5 0
37 -5 -29 0
-11 -12 -13 0
51 46 15 0
-25 -33 -40 0
56 53 22 0
-24 9 -49 0
-44 -4 14 0
23 7 -36 0
-51 4 39 0
-27 49 -18 0
10 19 -52 0
-17 -47 15 0
48 -49 3 0
-43 60 11 0
-26 24 2 0
-43 49 25 0
10 -26 39 0
-8 -49 60 0
25 -51 -33 0
44 4 -11 0
-48 -8 -47 0
15 -33 1 0
-55 45 6 0
13 -29 7 0
40 -4 13 0
-24 57 34 0
-29 18 -14 0
-39 58 -11 0
-51 -58 -13 0
-46 -13 9 0
17 38 54 0
-31 6 -16 0
-41 27 58 0
31 -13 26 0
-25 -59 -24 0
-12 -59 55 0
27 3 50 0
-14 -16 -3 0
-29 -7 20 0
-15 -35 -18 0
-16 -19 2 0
48 6 -14 0
5 -40 -43 0
28 32 -18 0
24 46 37 0
-19 29 16 0
49 -23 -34 0
-8 60 -16 0
-42 -45 13 0
17 -32 49 0
35 -21 -59 0
9 -27 48 0
1 -53 -45 0
-31 34 -43 0
25 40 11 0
2 60 30 0
24 23 36 0
-28 14 -42 0
45 52 -31 0
35 49 -51 0
34 60 33 0
-43 -57 -5 0
-35 -6 38 0
-8 31 -60 0
-7 -48 28 0
-44 -49 40 0
-58 32 16 0
-30 29 -31 0
2 40 -1 0
-8 -57 41 0
19 31 53 0
4 -30 -14 0
-5 37 27 0
46 60 -54 0
-26 1 29 0
-32 -20 -38 0
1 13 18 0
-39 -32 43 0
7 37 59 0
-33 1 27 0

c GPT solve time: 92.13 seconds

SATISFIABLE
8
8
x1=T
x2=T
x3=T
x4=T
x5=T
x6=T
x7=T
x8=T
x9=T
x10=T
x11=T
x12=T
x13=T
x14=T
x15=T
x16=T
x17=F
x18=T
x19=T
x20=T
x21=T
x22=F
x23=T
x24=F
x25=T
x26=T
x27=T
x28=T
x29=T
x30=T
x31=T
x32=T
x33=T
x34=T
x35=T
x36=T
x37=T
x38=T
x39=T
x40=T
x41=T
x42=T
x43=T
x44=T
x45=F
x46=T
x47=T
x48=T
x49=T
x50=T
x51=T
x52=F
x53=T
x54=F
x55=T
x56=F
x57=T
x58=T
x59=T
x60=F