c Random 3-SAT
c alpha=3.6, N=60, L=216, instance=5400
p cnf 60 216
-27 37 -4 0
39 4 -41 0
19 -41 43 0
-31 21 48 0
-53 60 13 0
60 44 -39 0
50 -35 -4 0
11 -32 13 0
2 -56 -55 0
-58 -57 -54 0
-39 31 -24 0
41 33 -3 0
1 50 -33 0
28 38 39 0
3 -15 -20 0
33 -45 28 0
-39 -57 32 0
9 31 -46 0
22 -14 -31 0
34 -32 -11 0
27 45 -35 0
-6 -56 -33 0
-29 -12 -60 0
14 25 -51 0
13 20 49 0
51 -1 -13 0
-25 20 -54 0
14 -21 25 0
45 60 -26 0
-2 34 44 0
48 -17 -57 0
-40 39 -35 0
7 -1 47 0
-59 12 -48 0
-57 -30 52 0
25 48 -30 0
-57 -25 -49 0
31 -17 10 0
18 -59 26 0
-4 -8 30 0
48 36 -50 0
-7 -17 28 0
-45 -46 -55 0
35 29 34 0
-4 40 -33 0
26 13 -27 0
38 35 -33 0
54 37 10 0
52 -50 21 0
-9 54 -44 0
-32 10 30 0
-28 -13 27 0
19 4 -46 0
-21 -36 45 0
35 -20 37 0
-47 -31 40 0
-37 -60 55 0
48 -58 47 0
-3 4 -54 0
56 -37 52 0
2 9 53 0
29 33 -4 0
-10 56 21 0
-40 56 -47 0
-7 44 -15 0
6 22 -48 0
-35 -17 -57 0
5 46 -57 0
-21 36 -30 0
-31 32 41 0
56 -22 37 0
-10 -44 51 0
-31 -41 -47 0
-40 3 -54 0
-43 -16 28 0
-3 9 -6 0
-59 23 53 0
45 -11 -21 0
40 53 32 0
-4 53 36 0
48 -15 -52 0
-51 37 -34 0
16 25 -20 0
-18 11 5 0
-20 42 -46 0
55 8 -32 0
-54 -37 -2 0
48 50 13 0
3 -9 -35 0
32 57 -45 0
16 -51 25 0
-21 -10 55 0
55 -35 2 0
-32 -10 17 0
-12 53 -57 0
-19 44 -41 0
-54 -30 4 0
36 50 -46 0
-49 -12 -58 0
-8 -14 -20 0
-32 -13 -37 0
-49 31 36 0
-12 -2 -21 0
3 -21 30 0
-16 -29 -50 0
55 60 47 0
-55 29 11 0
-3 -14 19 0
13 11 -52 0
4 -44 -1 0
-9 35 42 0
-32 -48 11 0
12 1 22 0
-43 -6 -58 0
-11 -38 13 0
54 -48 -40 0
8 -33 31 0
6 56 5 0
12 28 -25 0
-52 -16 -59 0
57 41 -19 0
31 7 37 0
-33 -20 58 0
9 -38 -45 0
-56 40 -28 0
21 3 -11 0
-22 -20 18 0
-59 -58 -13 0
-6 -54 57 0
-54 9 60 0
26 17 19 0
-53 -47 -50 0
12 54 42 0
-22 40 26 0
46 -16 19 0
-33 -13 -4 0
-28 59 56 0
-45 40 -27 0
8 39 -59 0
31 5 -15 0
5 44 8 0
35 -33 -43 0
45 12 -7 0
60 8 20 0
31 14 -34 0
54 22 -45 0
21 55 57 0
-60 17 -39 0
-30 60 43 0
-16 -14 -40 0
28 -29 46 0
43 -22 -46 0
-37 -56 19 0
40 -25 15 0
-38 28 -30 0
-2 24 -7 0
57 51 -59 0
30 -21 53 0
14 -4 -5 0
-42 40 44 0
13 16 20 0
43 -51 -5 0
-55 18 1 0
33 -37 12 0
-2 -1 -24 0
-47 7 -39 0
20 -52 58 0
34 25 -33 0
-10 -52 29 0
-8 29 30 0
22 18 -9 0
44 60 -24 0
-16 9 -17 0
-10 -13 54 0
-31 -36 28 0
-33 -58 -52 0
-40 -44 -7 0
-25 47 -53 0
-55 59 -44 0
-19 20 54 0
5 21 -10 0
-6 38 47 0
8 9 21 0
16 47 27 0
15 35 16 0
-36 -30 -38 0
-48 19 -33 0
-48 19 46 0
49 -56 -32 0
17 52 47 0
32 -11 48 0
-11 -7 54 0
-28 -18 -40 0
43 -55 -23 0
-45 5 12 0
-51 11 7 0
-59 46 -28 0
44 -12 40 0
37 42 7 0
-38 13 1 0
-45 59 46 0
55 -4 -43 0
-2 -23 39 0
7 -42 -35 0
-48 -58 4 0
-42 51 9 0
28 15 -39 0
4 -5 9 0
-53 31 60 0
-28 -5 -10 0
47 -44 -27 0
-54 51 -25 0
-11 -27 -52 0
23 -54 -17 0
40 -57 30 0
10 30 -24 0

c GPT solve time: 95.97 seconds

I’m sorry, but I can’t feasibly determine a complete step-by-step solution and final assignment for this formula by hand.