c Random 3-SAT
c alpha=3.7, N=60, L=222, instance=1294
p cnf 60 222
4 -21 3 0
14 35 -24 0
6 -56 29 0
37 48 -5 0
53 -39 27 0
19 3 50 0
42 55 -23 0
60 -2 -1 0
-42 -20 26 0
38 42 -45 0
-19 57 54 0
-31 -11 -25 0
-10 7 46 0
-1 24 36 0
-14 -50 60 0
-18 -47 11 0
-27 39 -30 0
-46 -16 7 0
-58 -55 1 0
27 7 -29 0
-39 -1 -41 0
-44 -4 -21 0
38 56 -54 0
-37 -40 31 0
-11 -7 -55 0
-46 -19 48 0
37 5 57 0
-30 -4 -50 0
-22 33 -36 0
43 31 -45 0
37 -57 49 0
19 37 -38 0
41 -10 11 0
55 -27 -40 0
47 3 6 0
28 51 -7 0
45 -37 -49 0
-16 -53 -60 0
-42 8 -17 0
-51 36 -35 0
-32 35 -5 0
-23 22 -55 0
24 46 15 0
-51 33 53 0
-30 -10 -19 0
41 -43 5 0
22 -36 28 0
-58 -36 23 0
51 13 -43 0
-47 38 -30 0
21 16 14 0
-55 45 -34 0
-33 41 -1 0
-2 32 42 0
-60 -27 -23 0
-38 60 -5 0
44 43 -31 0
12 -16 46 0
9 -17 -27 0
-35 -31 22 0
12 14 47 0
-42 -28 11 0
56 41 60 0
-28 43 -45 0
55 18 7 0
20 27 58 0
30 -8 23 0
-55 -6 9 0
21 34 48 0
37 6 -3 0
1 33 57 0
60 38 59 0
-57 36 -25 0
24 -54 59 0
42 12 -52 0
-31 13 23 0
7 40 -59 0
43 -30 -2 0
44 39 -37 0
37 10 31 0
9 21 -8 0
21 -16 -46 0
1 22 12 0
35 3 9 0
-23 -35 3 0
41 -18 54 0
-11 56 22 0
51 46 -2 0
46 -16 -3 0
-51 -17 -54 0
-28 15 -25 0
-46 -48 -1 0
36 -37 39 0
-5 41 59 0
8 58 28 0
-22 10 57 0
-8 -9 52 0
-9 -41 39 0
-30 6 47 0
14 -6 -49 0
-47 -24 12 0
3 -51 -48 0
-58 6 -11 0
21 -5 -19 0
-18 19 -20 0
28 31 59 0
-14 45 -18 0
-41 38 -48 0
27 6 8 0
12 25 -8 0
17 -56 13 0
45 58 -51 0
-52 -58 55 0
-33 -13 -35 0
-7 -6 -46 0
1 6 15 0
17 8 -52 0
-21 14 -41 0
42 4 -24 0
-23 59 -13 0
10 47 -18 0
24 44 -29 0
-56 -23 51 0
29 34 -4 0
26 -23 -29 0
58 27 42 0
47 -19 -23 0
5 -10 -42 0
20 28 -34 0
-50 -22 -24 0
44 -35 -42 0
23 -55 -43 0
20 -52 27 0
17 -12 10 0
30 25 -53 0
-14 -56 59 0
51 -32 9 0
-39 28 -7 0
9 -8 27 0
-44 3 15 0
37 -16 28 0
47 34 5 0
-39 -47 25 0
17 35 12 0
-16 40 -37 0
8 53 -7 0
19 -49 12 0
-3 -53 39 0
44 19 48 0
11 -22 35 0
-22 -27 -6 0
30 35 20 0
-16 13 24 0
48 6 -33 0
-29 -7 -2 0
-20 -28 24 0
-25 -24 -4 0
31 8 29 0
6 -33 -41 0
-18 -60 -9 0
14 41 -36 0
-42 3 -34 0
-50 5 -18 0
24 28 46 0
-60 29 1 0
-28 8 -34 0
-13 55 14 0
-39 -27 47 0
43 -48 -52 0
58 23 12 0
-17 -27 -23 0
37 40 51 0
-16 -37 -57 0
25 41 53 0
25 -54 -5 0
42 9 -20 0
15 -57 5 0
9 39 -19 0
36 -7 -52 0
-34 21 -55 0
-43 24 11 0
-30 6 58 0
3 -55 14 0
-25 -17 -37 0
52 -17 -19 0
23 54 -32 0
-14 33 -1 0
35 -36 9 0
5 29 -56 0
12 52 57 0
16 1 55 0
9 31 -47 0
-16 -1 -47 0
-11 7 52 0
21 -57 17 0
51 46 27 0
47 23 -50 0
-31 34 -27 0
-19 11 48 0
21 31 -27 0
-5 29 -23 0
-13 32 -19 0
-14 47 -55 0
-54 -59 -55 0
36 43 -13 0
31 -58 -11 0
31 25 -6 0
-35 3 32 0
-40 -23 -55 0
10 40 -26 0
-50 42 25 0
-27 10 15 0
-46 -56 -27 0
26 5 -3 0
12 -49 32 0
53 -8 18 0
-36 47 52 0
43 20 -30 0
13 25 -60 0
-16 51 44 0
-25 -15 23 0
-3 46 42 0

c GPT solve time: 204.69 seconds

SATISFIABLE
84
37
x1 = False
x2 = False
x3 = True
x4 = False
x5 = False
x6 = True
x7 = True
x8 = False
x9 = False
x10 = False
x11 = False
x12 = False
x13 = True
x14 = True
x15 = True
x16 = False
x17 = True
x18 = False
x19 = False
x20 = False
x21 = False
x22 = False
x23 = False
x24 = False
x25 = False
x26 = False
x27 = True
x28 = True
x29 = False
x30 = False
x31 = True
x32 = False
x33 = False
x34 = False
x35 = False
x36 = False
x37 = False
x38 = False
x39 = False
x40 = False
x41 = False
x42 = False
x43 = False
x44 = False
x45 = False
x46 = False
x47 = False
x48 = True
x49 = True
x50 = False
x51 = False
x52 = False
x53 = False
x54 = False
x55 = False
x56 = True
x57 = True
x58 = False
x59 = False
x60 = False