c Random 3-SAT
c alpha=3.5, N=10, L=35, instance=951
p cnf 10 35
5 10 -4 0
-10 3 -4 0
4 -5 6 0
-2 10 7 0
-8 10 -2 0
-4 2 9 0
-7 -6 -1 0
-9 2 8 0
5 -10 -4 0
4 5 9 0
4 1 3 0
-2 7 -4 0
-4 -7 -3 0
4 5 2 0
-6 4 10 0
-9 2 5 0
4 8 9 0
6 5 4 0
4 -3 -6 0
8 9 7 0
10 7 -4 0
-10 -6 7 0
-4 -10 -5 0
8 -2 -7 0
-1 -4 9 0
7 -5 2 0
2 -5 6 0
4 6 -1 0
9 1 -7 0
-2 -10 4 0
-4 8 7 0
7 5 -3 0
-6 4 -7 0
10 -4 3 0
-6 1 9 0

c GPT solve time: 66.52 seconds

SATISFIABLE
2
2
x1=T x2=F x3=F x4=F x5=T x6=T x7=F x8=T x9=F x10=T