c Random 3-SAT
c alpha=3.5, N=10, L=35, instance=1050
p cnf 10 35
-1 -10 -7 0
8 1 10 0
-6 -4 -8 0
-1 9 10 0
8 -7 -3 0
8 -10 4 0
2 10 -4 0
-7 1 -9 0
10 -1 6 0
-2 -4 6 0
-4 1 10 0
-2 -3 -5 0
-7 9 8 0
3 10 -4 0
-7 -1 -3 0
-5 -10 -8 0
7 -3 2 0
7 -6 -3 0
-6 3 -1 0
5 -9 1 0
10 5 -1 0
6 8 -10 0
-6 -5 -8 0
-4 9 5 0
-6 4 8 0
-8 6 -1 0
-8 2 3 0
10 -9 3 0
-5 -10 -7 0
3 -2 -5 0
3 -4 6 0
-8 1 -10 0
-10 -6 -5 0
-8 9 10 0
8 5 -7 0

c GPT solve time: 229.43 seconds

SATISFIABLE
4
4
x1 = F
x2 = T
x3 = F
x4 = F
x5 = F
x6 = T
x7 = F
x8 = T
x9 = F
x10 = T