c Random 3-SAT
c alpha=3.5, N=10, L=35, instance=554
p cnf 10 35
-9 8 2 0
-3 6 10 0
7 4 9 0
10 9 -5 0
8 -9 -10 0
-6 9 -10 0
3 -1 -8 0
7 -2 -5 0
-7 -6 4 0
3 6 10 0
8 -6 -2 0
2 4 -3 0
-4 9 5 0
6 1 3 0
3 -7 -6 0
-10 -9 1 0
-6 -9 5 0
-5 -3 -9 0
7 -6 -9 0
6 -7 1 0
2 4 -1 0
-1 7 5 0
-7 8 -5 0
-5 6 8 0
-1 9 -4 0
-4 2 -7 0
-9 -6 10 0
3 7 8 0
4 -3 -10 0
-2 10 5 0
7 -6 4 0
-3 -10 1 0
-4 3 6 0
-7 -5 4 0
-7 6 -2 0

c GPT solve time: 197.18 seconds

SATISFIABLE  
7  
2  
x1 = F  
x2 = F  
x3 = F  
x4 = T  
x5 = F  
x6 = T  
x7 = F  
x8 = T  
x9 = F  
x10 = F