c Random 3-SAT
c alpha=3.5, N=10, L=35, instance=305
p cnf 10 35
-4 -6 9 0
1 8 -4 0
9 -1 -8 0
4 -2 -9 0
8 -5 7 0
-7 -4 8 0
-9 1 -4 0
4 -9 5 0
1 5 -2 0
7 4 -6 0
-5 7 -6 0
-7 -9 -10 0
-8 1 3 0
3 1 5 0
5 -4 6 0
3 -4 9 0
-4 2 -8 0
6 -3 -8 0
-3 9 8 0
10 2 4 0
-7 2 5 0
4 -6 -5 0
7 -4 -6 0
-2 7 -3 0
-9 -1 6 0
4 -1 5 0
-10 3 4 0
7 -4 3 0
-1 -9 7 0
4 -3 2 0
3 10 -6 0
8 -10 -5 0
-7 -5 3 0
10 -1 -6 0
1 3 -9 0

c GPT solve time: 94.56 seconds

SATISFIABLE
4
3
x1=F x2=T x3=T x4=T x5=T x6=T x7=T x8=T x9=T x10=F