c Random 3-SAT
c alpha=3.5, N=10, L=35, instance=1172
p cnf 10 35
-3 -8 -7 0
10 9 1 0
-5 4 10 0
8 3 1 0
-6 1 -8 0
-1 10 -9 0
-1 -9 7 0
-8 4 7 0
-5 3 7 0
4 3 -9 0
-6 8 5 0
-2 9 -8 0
3 5 -1 0
-10 4 -3 0
5 -3 -8 0
-2 -1 3 0
-5 8 -4 0
10 8 6 0
2 -3 -4 0
5 -2 -4 0
4 -8 7 0
9 -2 4 0
-5 -1 2 0
8 -6 9 0
3 -9 -4 0
-9 -8 -4 0
-8 3 4 0
9 -2 4 0
-5 1 6 0
-6 -7 -8 0
-8 -7 -6 0
-9 -7 -2 0
-4 -10 5 0
9 4 -3 0
4 -8 -7 0

c GPT solve time: 105.78 seconds

SATISFIABLE  
9  
3  
x1 = F  
x2 = T  
x3 = T  
x4 = T  
x5 = T  
x6 = F  
x7 = F  
x8 = T  
x9 = F  
x10 = T