c Random 3-SAT
c alpha=3.5, N=10, L=35, instance=837
p cnf 10 35
6 4 -7 0
9 8 7 0
1 -9 8 0
4 -5 -2 0
-1 7 6 0
5 -3 -6 0
6 -4 9 0
4 -2 -10 0
1 -10 9 0
10 5 -2 0
4 -6 2 0
7 5 -8 0
9 8 6 0
3 -9 4 0
3 -5 1 0
-4 -3 -6 0
-6 3 7 0
-6 3 -10 0
-4 -5 3 0
-7 -9 1 0
-3 -2 1 0
4 -6 9 0
-9 1 2 0
9 -3 5 0
7 9 8 0
-9 -4 -7 0
6 5 -1 0
6 -1 5 0
-5 2 -4 0
4 10 3 0
-8 1 7 0
2 10 -8 0
8 -3 -7 0
-4 10 9 0
-4 -3 10 0

c GPT solve time: 99.81 seconds

SATISFIABLE
8
4
x1 = T
x2 = F
x3 = T
x4 = F
x5 = T
x6 = T
x7 = F
x8 = T
x9 = F
x10 = F