c Random 3-SAT
c alpha=3.5, N=10, L=35, instance=845
p cnf 10 35
-10 -4 -2 0
6 -9 -5 0
-7 4 3 0
-6 3 8 0
10 3 4 0
3 6 -10 0
9 -4 -10 0
10 -3 -4 0
-3 -6 9 0
3 -4 -9 0
10 -8 1 0
-1 7 -5 0
-1 -5 -10 0
-3 -7 2 0
8 -4 7 0
3 2 -1 0
-1 9 2 0
8 1 9 0
4 -3 -1 0
-2 3 -8 0
8 -1 9 0
-2 -6 -10 0
-5 2 8 0
2 -3 9 0
-8 -1 7 0
8 6 -9 0
2 -10 -5 0
3 1 4 0
-10 -2 -9 0
-8 1 2 0
6 -2 9 0
4 -8 -5 0
-9 -7 8 0
-3 8 -6 0
8 7 6 0

c GPT solve time: 106.63 seconds

SATISFIABLE
8
3
x1 = F  
x2 = T  
x3 = T  
x4 = F  
x5 = F  
x6 = T  
x7 = F  
x8 = F  
x9 = T  
x10 = F