c Random 3-SAT
c alpha=3.5, N=10, L=35, instance=751
p cnf 10 35
3 -1 -6 0
-4 5 8 0
4 7 -6 0
-3 -10 1 0
8 -7 6 0
5 -1 9 0
-4 3 9 0
-10 -1 8 0
-9 7 -8 0
-5 -3 -6 0
9 -8 6 0
3 1 8 0
6 -5 -8 0
10 5 1 0
-9 8 6 0
7 -10 8 0
-7 -1 2 0
2 -10 1 0
9 2 1 0
-6 -5 1 0
-6 3 -9 0
3 5 9 0
10 7 6 0
-7 8 2 0
2 -4 -8 0
-5 2 -8 0
2 4 -10 0
8 9 1 0
-8 3 -6 0
5 -8 -2 0
-10 -6 -2 0
-2 -10 -1 0
2 10 -1 0
-4 10 5 0
-9 -6 -3 0

c GPT solve time: 114.26 seconds

SATISFIABLE  
7  
3  
x1 = F  
x2 = T  
x3 = F  
x4 = F  
x5 = T  
x6 = F  
x7 = T  
x8 = T  
x9 = T  
x10 = T