c Random 3-SAT
c alpha=3.5, N=10, L=35, instance=704
p cnf 10 35
-1 -6 -5 0
-6 -5 -1 0
-8 4 7 0
6 -1 2 0
7 -5 8 0
-9 1 -6 0
5 8 -1 0
1 -3 -6 0
-10 5 4 0
7 -9 -8 0
6 -3 1 0
4 -10 -1 0
-5 -1 8 0
-5 -6 9 0
-7 -8 3 0
-1 -8 -3 0
1 -10 9 0
1 -9 -4 0
-1 3 -5 0
-6 -3 5 0
3 8 7 0
9 -10 3 0
-4 -1 -6 0
6 10 7 0
-6 -1 -10 0
-2 8 1 0
-7 10 1 0
9 -8 6 0
1 -5 -10 0
-1 -3 -8 0
-3 -1 2 0
7 -10 1 0
10 -4 -3 0
-8 3 -6 0
-2 -1 -3 0

c GPT solve time: 64.21 seconds

SATISFIABLE
2
1
x1=T
x2=F
x3=F
x4=F
x5=F
x6=T
x7=T
x8=F
x9=F
x10=F