c Random 3-SAT
c alpha=3.5, N=10, L=35, instance=425
p cnf 10 35
-10 5 -4 0
-8 -4 7 0
-8 -3 7 0
-7 3 2 0
-8 5 -4 0
6 4 -7 0
3 -2 -10 0
2 3 -1 0
2 -8 -3 0
-7 -10 8 0
-3 -10 5 0
-4 -10 2 0
6 -3 -4 0
-5 -3 -6 0
5 8 -3 0
-9 4 10 0
1 -6 2 0
8 1 -3 0
10 -7 3 0
8 10 -5 0
-4 1 10 0
8 4 5 0
-10 1 6 0
-2 1 -9 0
-1 4 7 0
-8 4 -6 0
3 -8 7 0
-5 -2 3 0
8 -2 -6 0
9 -5 -4 0
-1 5 10 0
5 -6 -8 0
3 2 10 0
-6 2 -10 0
9 6 -1 0

c GPT solve time: 56.92 seconds

SATISFIABLE  
4  
1  
x1 = 0  
x2 = 1  
x3 = 0  
x4 = 0  
x5 = 0  
x6 = 0  
x7 = 0  
x8 = 1  
x9 = 0  
x10 = 0