c Random 3-SAT
c alpha=3.5, N=10, L=35, instance=793
p cnf 10 35
4 -8 -1 0
-4 -8 -9 0
-10 6 -9 0
-1 8 -9 0
9 5 -4 0
-6 -3 5 0
-6 3 8 0
3 1 -4 0
9 7 -3 0
9 -5 2 0
2 5 7 0
-1 10 -7 0
9 3 6 0
2 4 -9 0
-5 1 8 0
-9 2 6 0
-5 9 6 0
1 9 -3 0
-3 1 -5 0
-10 3 -8 0
4 1 7 0
7 -1 3 0
4 5 -7 0
10 -9 6 0
1 8 -3 0
9 -5 -4 0
4 -6 8 0
-1 7 5 0
-2 -9 -10 0
-3 10 2 0
-7 10 -5 0
-9 5 -1 0
-3 -9 -6 0
9 -4 10 0
1 -9 -2 0

c GPT solve time: 131.17 seconds

SATISFIABLE
5
1
x1=T
x2=T
x3=T
x4=T
x5=T
x6=T
x7=T
x8=T
x9=F
x10=T