c Random 3-SAT
c alpha=3.5, N=10, L=35, instance=52
p cnf 10 35
5 8 -6 0
-3 5 -8 0
3 1 2 0
4 -1 6 0
-4 -3 8 0
-8 2 -5 0
-2 -3 -6 0
9 -2 5 0
-10 4 8 0
-2 -1 4 0
-2 -4 -3 0
10 1 5 0
-3 -1 -2 0
2 10 4 0
6 -10 2 0
6 -10 -5 0
3 8 4 0
3 -8 -2 0
4 2 -10 0
2 9 10 0
-7 10 9 0
10 -8 -7 0
-5 -9 -2 0
2 7 6 0
10 -6 3 0
-10 -2 6 0
10 -6 7 0
6 5 -8 0
3 6 -9 0
2 -10 5 0
8 -6 3 0
-5 -4 -1 0
6 -5 3 0
8 10 -5 0
9 10 6 0

c GPT solve time: 202.11 seconds

SATISFIABLE  
4  
3  
x1 = F  
x2 = F  
x3 = T  
x4 = T  
x5 = T  
x6 = T  
x7 = F  
x8 = T  
x9 = F  
x10 = T