c Random 3-SAT
c alpha=3.5, N=10, L=35, instance=1298
p cnf 10 35
10 4 -1 0
-3 5 -2 0
4 8 -6 0
-4 -10 3 0
-5 4 2 0
-8 5 2 0
-4 1 7 0
-1 5 -10 0
-4 10 -5 0
6 9 -1 0
8 -2 -5 0
7 -3 9 0
3 -8 -2 0
1 -9 2 0
2 3 -9 0
10 8 5 0
-4 7 1 0
6 9 3 0
4 7 -1 0
-4 10 2 0
2 -4 9 0
5 -7 4 0
-9 -3 -7 0
-2 -1 6 0
9 1 -5 0
6 3 -10 0
9 5 -7 0
5 1 -7 0
-4 -6 -5 0
9 -6 -2 0
-2 -4 8 0
-9 6 4 0
-1 -6 4 0
9 6 -4 0
-5 7 -9 0

c GPT solve time: 114.62 seconds

SATISFIABLE
8
5
x1=F x2=T x3=F x4=T x5=F x6=T x7=T x8=T x9=T x10=F