c Random 3-SAT
c alpha=3.5, N=10, L=35, instance=571
p cnf 10 35
-3 9 -6 0
-4 2 3 0
-10 -3 -7 0
3 -5 -6 0
1 6 5 0
-1 -3 -10 0
2 -9 -8 0
-3 -9 4 0
6 3 -9 0
5 -9 -2 0
1 -7 -2 0
-9 10 8 0
-3 6 8 0
-6 9 8 0
4 -1 -8 0
-6 -10 -3 0
-7 9 2 0
9 3 -5 0
1 -10 8 0
-5 -7 9 0
8 -7 -10 0
3 -1 8 0
-6 -8 5 0
7 -8 -1 0
-8 -1 -2 0
5 -1 -2 0
-7 -6 -8 0
-4 3 1 0
-8 -6 -7 0
7 -10 4 0
6 -8 -3 0
2 5 3 0
6 3 5 0
-5 -7 1 0
-4 -8 10 0

c GPT solve time: 44.20 seconds

SATISFIABLE
2
0
x1 = T
x2 = T
x3 = T
x4 = T
x5 = T
x6 = T
x7 = F
x8 = F
x9 = T
x10 = F