c Random 3-SAT
c alpha=3.5, N=25, L=87, instance=3024
p cnf 25 87
-25 8 -6 0
11 -10 15 0
-18 13 -15 0
17 3 -9 0
-8 -18 16 0
-2 18 -10 0
16 -19 6 0
24 5 18 0
-17 5 -24 0
-18 -1 -4 0
-23 -10 12 0
-16 7 13 0
-21 8 -14 0
-10 11 -12 0
-6 10 -9 0
24 2 -10 0
4 -1 19 0
13 -18 17 0
-25 5 6 0
-23 -10 14 0
22 3 11 0
10 -19 -14 0
15 -24 -12 0
-14 -25 15 0
21 25 23 0
23 25 21 0
21 16 -15 0
19 16 -18 0
6 -5 -11 0
-22 4 8 0
-6 16 -8 0
17 13 11 0
20 -21 -1 0
13 -9 -17 0
17 -25 -14 0
-12 1 24 0
24 17 -25 0
8 21 -10 0
3 -23 -7 0
6 23 2 0
5 -23 12 0
13 -19 -17 0
-19 20 -4 0
-10 24 1 0
-19 -22 7 0
-16 1 -18 0
6 12 -8 0
-5 -16 6 0
-19 13 -24 0
25 23 -7 0
25 -3 -15 0
10 8 21 0
-3 -11 2 0
-24 25 7 0
21 -8 -5 0
-18 -20 17 0
-1 18 9 0
-19 -5 -17 0
13 24 22 0
-3 14 -18 0
10 -15 -6 0
-4 -9 -11 0
14 17 3 0
-16 -2 -5 0
-12 14 -4 0
-9 19 2 0
-8 -20 18 0
-5 1 15 0
-15 24 22 0
-6 4 15 0
-1 19 -21 0
25 7 14 0
7 22 -19 0
17 23 20 0
-21 11 1 0
17 -23 3 0
-22 -24 -18 0
-19 20 -1 0
-24 14 -18 0
-7 21 23 0
14 -21 9 0
-23 -13 25 0
-22 -3 -23 0
-2 -10 12 0
-1 19 23 0
-17 -25 -15 0
-24 -1 3 0

c GPT solve time: 155.19 seconds

SATISFIABLE  
17  
9  
x1 = F  
x2 = T  
x3 = T  
x4 = T  
x5 = T  
x6 = F  
x7 = T  
x8 = T  
x9 = F  
x10 = F  
x11 = F  
x12 = T  
x13 = T  
x14 = T  
x15 = T  
x16 = F  
x17 = F  
x18 = F  
x19 = F  
x20 = F  
x21 = T  
x22 = T  
x23 = F  
x24 = T  
x25 = T