c Random 3-SAT
c alpha=3.5, N=25, L=87, instance=608
p cnf 25 87
16 19 -3 0
-4 25 -18 0
6 11 1 0
9 17 8 0
-22 18 -14 0
24 -11 -8 0
-5 -23 9 0
25 -18 22 0
-21 1 -15 0
-6 -18 2 0
-11 4 -5 0
5 -22 -18 0
-6 -25 -4 0
-14 -2 -5 0
-15 -3 -5 0
-2 -22 -1 0
14 20 6 0
-18 -16 -1 0
20 -24 -7 0
23 -14 21 0
2 15 8 0
-15 20 11 0
16 -7 -24 0
25 -13 -22 0
-7 23 -22 0
-16 -14 4 0
25 24 13 0
19 -2 -24 0
-24 9 -22 0
-15 10 13 0
24 20 4 0
-9 24 16 0
17 3 21 0
-15 -25 14 0
24 23 -15 0
-16 20 8 0
-7 12 19 0
17 8 -24 0
3 -14 22 0
1 4 2 0
8 14 7 0
13 -15 -25 0
-4 5 -23 0
-15 -10 -23 0
-13 15 14 0
-8 -6 -19 0
-3 -20 7 0
25 -6 20 0
4 -2 25 0
6 -20 -22 0
-2 20 12 0
-13 18 20 0
12 2 -10 0
-4 23 18 0
-14 2 10 0
-10 -25 -24 0
-20 -6 -2 0
2 5 19 0
1 3 -18 0
3 -16 18 0
12 -19 -20 0
13 1 2 0
19 -12 -5 0
-16 1 -21 0
18 -20 4 0
-7 18 6 0
2 25 22 0
21 -13 16 0
10 13 -4 0
-21 -11 9 0
17 13 15 0
16 3 19 0
25 1 15 0
-12 -21 2 0
-5 -14 7 0
-16 -13 -7 0
25 2 14 0
-25 -16 -9 0
6 -24 -11 0
-25 10 -2 0
-15 2 -21 0
-18 19 1 0
-9 11 -19 0
-20 3 24 0
2 -1 -11 0
6 9 -18 0
-24 -17 -16 0

c GPT solve time: 77.46 seconds

SATISFIABLE  
Branches: 10  
Conflicts: 1  
x1 = TRUE  
x2 = TRUE  
x3 = TRUE  
x4 = FALSE  
x5 = FALSE  
x6 = FALSE  
x7 = FALSE  
x8 = FALSE  
x9 = FALSE  
x10 = TRUE  
x11 = FALSE  
x12 = TRUE  
x13 = FALSE  
x14 = TRUE  
x15 = FALSE  
x16 = FALSE  
x17 = TRUE  
x18 = FALSE  
x19 = TRUE  
x20 = FALSE  
x21 = FALSE  
x22 = FALSE  
x23 = TRUE  
x24 = TRUE  
x25 = FALSE