c Random 3-SAT
c alpha=3.5, N=25, L=87, instance=526
p cnf 25 87
21 -14 3 0
-3 21 -23 0
1 -12 14 0
4 -1 -19 0
-24 -15 -18 0
-4 -22 -7 0
16 21 -14 0
15 -4 -24 0
-21 -23 -7 0
-13 18 6 0
21 20 14 0
-23 -17 -13 0
-3 -16 25 0
3 -17 -2 0
10 -20 -2 0
-6 -13 -12 0
-9 7 22 0
-15 2 -3 0
4 -10 -13 0
-15 -17 -4 0
14 7 -12 0
18 20 -13 0
-17 18 -3 0
-2 -21 -15 0
25 23 9 0
-8 25 -3 0
2 25 3 0
18 -15 8 0
-21 24 -7 0
15 -2 9 0
5 3 7 0
-1 18 6 0
20 -12 1 0
6 22 -13 0
7 4 13 0
-24 -11 2 0
-20 22 17 0
-25 14 11 0
-3 -19 9 0
-3 -21 5 0
-21 1 -25 0
-5 -12 18 0
-7 15 -17 0
-9 3 12 0
24 -14 1 0
-1 -22 17 0
-8 5 -21 0
24 -23 13 0
-12 1 -14 0
15 -17 3 0
-23 -15 9 0
20 -5 10 0
-22 18 4 0
17 7 25 0
-11 -15 23 0
24 5 -1 0
11 5 -3 0
-20 2 15 0
20 12 -25 0
2 -17 -22 0
24 16 -6 0
19 9 22 0
-10 -25 -5 0
-17 22 12 0
6 -9 -11 0
10 -4 11 0
-14 8 -7 0
-9 14 10 0
-12 -2 3 0
-18 -7 -9 0
-13 -25 19 0
24 -1 16 0
-2 -22 -10 0
5 -13 -15 0
4 22 -17 0
11 14 1 0
-19 11 -24 0
-24 -10 1 0
13 4 18 0
-23 25 24 0
25 -24 -22 0
-24 -9 -11 0
6 -24 22 0
17 7 10 0
17 4 -25 0
-25 -16 9 0
-19 -20 23 0

c GPT solve time: 102.44 seconds

SATISFIABLE
14
5
x1 = True
x2 = False
x3 = True
x4 = True
x5 = True
x6 = True
x7 = False
x8 = True
x9 = False
x10 = True
x11 = True
x12 = False
x13 = True
x14 = False
x15 = False
x16 = True
x17 = True
x18 = True
x19 = False
x20 = True
x21 = False
x22 = True
x23 = False
x24 = False
x25 = True