c Random 3-SAT
c alpha=3.5, N=25, L=87, instance=4156
p cnf 25 87
17 -6 -15 0
13 -23 3 0
19 5 12 0
-8 6 25 0
-5 23 -12 0
8 21 10 0
14 5 -13 0
-12 -23 24 0
7 -5 12 0
5 -16 -9 0
1 -2 17 0
24 -1 -8 0
4 -19 -3 0
12 18 13 0
-14 -2 -23 0
-9 -22 -7 0
-25 18 3 0
16 -20 -4 0
-9 -18 -13 0
-6 -9 25 0
1 -14 8 0
-23 -20 14 0
18 23 5 0
-3 -4 1 0
-13 -8 -11 0
2 25 -6 0
-24 -4 -13 0
-13 -1 21 0
-15 21 -18 0
-8 20 -21 0
-1 -13 -10 0
-21 -12 18 0
14 -19 -15 0
6 15 3 0
-18 -5 -14 0
-2 16 14 0
-16 -18 3 0
6 -2 20 0
-20 2 -8 0
23 -1 -9 0
-20 24 -21 0
-15 19 -23 0
-20 3 -1 0
24 -4 -3 0
20 -13 1 0
10 -13 -2 0
-21 20 -23 0
-23 -5 19 0
-3 -13 -22 0
-6 -17 -14 0
18 -10 -13 0
-13 8 9 0
5 -7 24 0
-24 -12 8 0
6 25 2 0
-10 5 -25 0
7 -8 -25 0
13 -19 21 0
17 19 4 0
24 8 -15 0
-25 9 13 0
1 16 14 0
17 -6 7 0
-24 19 10 0
-19 -23 -3 0
-5 -9 -7 0
22 16 -15 0
-18 -15 -1 0
-15 -19 -1 0
-2 21 -1 0
14 20 4 0
-24 9 2 0
4 14 19 0
16 15 21 0
-2 25 18 0
-12 17 4 0
13 -9 -2 0
-24 21 -9 0
21 11 -22 0
-13 19 6 0
-6 -24 15 0
-7 -9 -19 0
-1 -21 13 0
-13 -4 -7 0
-13 -16 20 0
16 -7 -5 0
8 -19 -13 0

c GPT solve time: 76.90 seconds

SATISFIABLE  
12  
5  
x1 = T  
x2 = F  
x3 = T  
x4 = F  
x5 = T  
x6 = F  
x7 = T  
x8 = F  
x9 = T  
x10 = F  
x11 = T  
x12 = F  
x13 = T  
x14 = F  
x15 = F  
x16 = F  
x17 = T  
x18 = F  
x19 = F  
x20 = F  
x21 = T  
x22 = F  
x23 = T  
x24 = F  
x25 = T