c Random 3-SAT
c alpha=3.5, N=25, L=87, instance=1622
p cnf 25 87
2 25 -13 0
-4 -11 -15 0
7 20 -22 0
-9 21 -25 0
-22 9 -12 0
-3 5 8 0
20 -14 -12 0
16 -22 13 0
-2 24 -15 0
23 14 16 0
3 -9 19 0
-17 -1 16 0
8 7 -16 0
16 -7 -15 0
23 10 -12 0
-22 11 2 0
-14 -8 1 0
20 7 -1 0
9 7 13 0
24 -18 -15 0
3 -17 -7 0
23 -3 16 0
16 -13 -25 0
-17 -25 -14 0
-15 -4 -7 0
-22 -9 16 0
19 -4 9 0
22 3 4 0
13 -18 -19 0
11 -10 14 0
-16 -11 13 0
11 14 15 0
23 -16 9 0
-24 -6 7 0
15 -10 -2 0
11 -1 -8 0
-22 -7 1 0
12 -20 5 0
15 7 12 0
-20 21 14 0
-4 -23 21 0
7 -13 -4 0
-22 -5 6 0
3 1 16 0
-25 -23 -6 0
-5 7 16 0
2 14 20 0
-20 19 6 0
-14 18 1 0
-7 -12 -24 0
11 -4 -5 0
16 -11 -4 0
-7 -10 9 0
-4 -14 20 0
7 22 -23 0
-20 2 1 0
14 24 -16 0
-7 13 17 0
23 7 -4 0
6 23 -7 0
23 -12 21 0
-24 -23 -11 0
-25 12 -8 0
10 4 -1 0
-15 23 -13 0
-7 10 4 0
12 -7 -13 0
23 -14 -3 0
-12 14 8 0
14 -19 -12 0
-15 7 22 0
-22 15 8 0
3 -21 -25 0
24 -18 11 0
-9 -20 4 0
6 20 -25 0
13 -23 -7 0
20 11 7 0
-12 -14 -18 0
-1 -7 -19 0
3 7 -11 0
-10 -11 8 0
23 2 -21 0
-12 15 16 0
7 -24 8 0
6 16 -19 0
-12 -9 -21 0

c GPT solve time: 107.65 seconds

SATISFIABLE
8
1
x1 = True
x2 = True
x3 = True
x4 = False
x5 = False
x6 = False
x7 = False
x8 = True
x9 = False
x10 = True
x11 = False
x12 = True
x13 = True
x14 = True
x15 = True
x16 = True
x17 = False
x18 = False
x19 = False
x20 = True
x21 = True
x22 = True
x23 = True
x24 = True
x25 = True