c Random 3-SAT
c alpha=3.5, N=25, L=87, instance=2792
p cnf 25 87
8 -22 6 0
23 17 -9 0
12 19 4 0
-25 -21 -2 0
17 9 23 0
22 4 15 0
-20 -23 -18 0
-19 24 8 0
-23 -21 6 0
9 -6 21 0
5 25 -13 0
14 -25 23 0
21 -20 -15 0
-5 10 2 0
-1 -24 4 0
-13 -1 23 0
5 3 23 0
14 23 -24 0
-16 -15 -2 0
-10 -18 22 0
21 3 -2 0
5 -25 -14 0
20 -14 -11 0
-14 -19 -7 0
20 5 2 0
-10 16 13 0
4 -1 6 0
5 23 -6 0
18 16 -14 0
-10 -9 -18 0
-10 -12 -5 0
16 7 4 0
-8 9 -20 0
17 9 20 0
-5 -23 17 0
-15 25 18 0
21 -20 -1 0
-11 -5 -13 0
21 -20 19 0
10 -8 -12 0
-8 20 -1 0
25 -15 -3 0
-20 -1 -4 0
-18 -15 -21 0
3 8 21 0
9 -24 15 0
-19 7 24 0
16 23 11 0
-17 2 21 0
-24 14 -13 0
15 11 2 0
-11 -9 -3 0
-2 14 -16 0
13 18 10 0
-23 16 10 0
-14 20 -5 0
-18 22 -3 0
17 10 19 0
-6 21 -23 0
-17 1 16 0
15 -23 5 0
5 -1 -21 0
15 -5 3 0
-17 12 7 0
10 16 20 0
-7 18 19 0
-4 2 -1 0
-17 12 -21 0
11 -20 18 0
6 -4 5 0
-15 -20 14 0
15 -12 19 0
-4 6 5 0
4 25 20 0
-5 11 23 0
22 -2 4 0
2 -5 -1 0
7 -4 -8 0
6 8 -2 0
24 4 14 0
11 -9 21 0
11 6 20 0
7 1 -22 0
-12 7 -13 0
-1 -7 -18 0
-12 25 -10 0
-21 -12 15 0

c GPT solve time: 121.09 seconds

SATISFIABLE
13
7
x1=F
x2=T
x3=T
x4=T
x5=F
x6=T
x7=T
x8=F
x9=T
x10=T
x11=F
x12=F
x13=F
x14=T
x15=T
x16=T
x17=T
x18=F
x19=T
x20=F
x21=T
x22=F
x23=T
x24=F
x25=F