c Random 3-SAT
c alpha=3.5, N=25, L=87, instance=3556
p cnf 25 87
-14 15 -6 0
16 -23 -1 0
-8 -6 -14 0
-24 -15 -16 0
4 -1 -19 0
-21 -13 -3 0
-5 16 10 0
-18 -13 7 0
-1 -4 -25 0
9 -2 12 0
-7 -8 21 0
8 20 1 0
-12 -19 16 0
24 7 -1 0
8 -6 24 0
25 17 -20 0
19 -11 17 0
-8 4 -17 0
8 -25 -16 0
10 20 21 0
-8 10 -4 0
-19 -8 22 0
12 18 -5 0
-23 -11 -15 0
-3 8 5 0
25 -21 19 0
-10 -7 17 0
-22 12 1 0
3 5 -23 0
-8 3 22 0
14 -4 15 0
-17 24 -10 0
-4 -19 22 0
-8 -24 -18 0
8 17 -25 0
-16 15 -14 0
-2 7 14 0
-3 8 18 0
-22 -17 9 0
-7 15 -18 0
-13 21 -9 0
-5 4 25 0
-17 19 13 0
6 13 -3 0
12 -8 2 0
4 5 -20 0
-9 -2 -6 0
11 19 -22 0
-11 8 -24 0
3 7 -19 0
24 8 20 0
-10 -14 -6 0
-16 25 -1 0
-3 13 8 0
-13 2 -9 0
12 -24 -19 0
11 25 -13 0
6 8 -2 0
-11 -3 -4 0
13 5 3 0
7 6 -22 0
25 5 2 0
-18 14 -4 0
13 -17 -11 0
-12 7 -5 0
-9 10 -7 0
4 -19 7 0
25 -3 -23 0
-16 18 -14 0
-18 17 7 0
15 7 23 0
-12 24 -2 0
11 -6 16 0
8 -9 -15 0
-8 17 7 0
5 -7 9 0
-5 -25 9 0
-15 -6 -5 0
19 3 -18 0
-8 12 17 0
-22 2 -5 0
-19 2 25 0
24 4 -15 0
14 11 17 0
-3 -25 -8 0
16 6 -9 0
-13 2 23 0

c GPT solve time: 123.80 seconds

SATISFIABLE  
Branches: 8  
Conflicts: 1  
x1 = T  
x2 = T  
x3 = F  
x4 = F  
x5 = T  
x6 = T  
x7 = T  
x8 = F  
x9 = T  
x10 = T  
x11 = F  
x12 = T  
x13 = F  
x14 = F  
x15 = F  
x16 = T  
x17 = T  
x18 = F  
x19 = F  
x20 = T  
x21 = F  
x22 = F  
x23 = T  
x24 = F  
x25 = T