c Random 3-SAT
c alpha=3.5, N=25, L=87, instance=3352
p cnf 25 87
-6 13 -21 0
22 -18 5 0
-7 -2 17 0
-12 -1 22 0
13 -7 14 0
-23 12 -13 0
-2 -4 21 0
2 -12 11 0
24 -17 -14 0
14 3 16 0
13 22 4 0
20 14 -11 0
-4 -25 9 0
-3 13 21 0
24 20 1 0
12 2 6 0
8 -14 17 0
2 -17 15 0
14 -12 8 0
-16 -9 -15 0
-19 13 -15 0
6 -8 -12 0
-12 6 15 0
-24 -14 -11 0
12 -14 24 0
-14 -1 -18 0
8 22 -5 0
-5 -24 9 0
7 21 -3 0
18 -8 -2 0
8 18 -13 0
-16 -13 -8 0
25 -19 -6 0
-17 25 3 0
16 2 12 0
13 10 -16 0
-23 -22 -16 0
-10 -21 16 0
-6 -17 8 0
6 8 3 0
-14 -16 -4 0
-5 -16 -17 0
-22 -11 14 0
-19 17 14 0
19 -15 -11 0
-15 8 11 0
10 -23 14 0
6 -25 -15 0
14 9 -20 0
9 6 -13 0
2 -11 23 0
-18 2 -8 0
13 -10 4 0
-7 16 -2 0
-20 -23 15 0
-12 -25 22 0
-4 1 18 0
-24 -1 10 0
-22 11 2 0
23 11 7 0
-12 17 -16 0
-2 -15 16 0
-4 -9 23 0
18 7 -1 0
14 21 24 0
6 -4 10 0
15 -21 -12 0
12 15 9 0
15 10 -9 0
22 12 19 0
-21 -13 -6 0
-12 -21 -3 0
-12 14 3 0
5 -25 16 0
-12 24 -20 0
16 -7 -21 0
-14 4 -11 0
16 -7 14 0
-3 15 -9 0
24 -21 19 0
1 15 -9 0
-24 -14 4 0
6 -15 -8 0
-23 9 18 0
23 7 25 0
-8 1 -22 0
-4 -22 -7 0

c GPT solve time: 86.55 seconds

SATISFIABLE
7
0
x1 = TRUE
x2 = FALSE
x3 = FALSE
x4 = FALSE
x5 = FALSE
x6 = TRUE
x7 = TRUE
x8 = TRUE
x9 = FALSE
x10 = FALSE
x11 = FALSE
x12 = TRUE
x13 = TRUE
x14 = TRUE
x15 = FALSE
x16 = FALSE
x17 = FALSE
x18 = FALSE
x19 = FALSE
x20 = FALSE
x21 = FALSE
x22 = FALSE
x23 = FALSE
x24 = FALSE
x25 = FALSE