c Random 3-SAT
c alpha=3.5, N=25, L=87, instance=4017
p cnf 25 87
18 7 -4 0
-15 -9 -2 0
2 -19 -17 0
-13 8 4 0
-17 12 -7 0
-10 3 25 0
24 -12 -17 0
25 -21 6 0
-5 4 19 0
-25 -20 14 0
14 -19 13 0
-18 8 -25 0
-18 17 -12 0
9 -5 6 0
-16 19 -5 0
-1 4 14 0
6 21 9 0
-14 -15 16 0
8 -2 14 0
11 16 -25 0
-9 11 -3 0
-21 1 -9 0
-24 10 9 0
10 -16 23 0
12 -20 4 0
13 -24 22 0
-17 24 -22 0
-9 22 -11 0
20 3 -23 0
24 7 23 0
20 -10 -11 0
15 -18 12 0
-19 4 17 0
9 -24 14 0
-16 23 -2 0
2 8 6 0
13 -24 -4 0
-8 -17 6 0
9 7 -22 0
24 16 8 0
-2 3 -6 0
17 21 1 0
-14 16 21 0
5 23 -12 0
22 -12 -8 0
6 -16 -15 0
-13 22 9 0
24 3 -14 0
11 -24 22 0
-17 14 -9 0
23 25 -9 0
-13 -7 1 0
-12 6 -20 0
15 -7 12 0
10 -24 -4 0
-17 -19 13 0
8 -16 25 0
-18 -8 -23 0
-14 8 23 0
-22 -1 -13 0
19 25 4 0
-21 23 25 0
-24 -25 6 0
-1 20 11 0
15 12 10 0
10 -22 24 0
-2 9 -23 0
4 -15 -17 0
-9 14 11 0
-23 18 -16 0
-18 -10 3 0
-15 -4 -16 0
-12 -10 18 0
-14 4 5 0
9 -7 -6 0
-9 4 23 0
12 -7 1 0
-25 1 8 0
-19 -21 11 0
15 17 12 0
2 -6 -17 0
-14 -4 21 0
16 22 12 0
17 9 -1 0
5 7 19 0
-20 17 2 0
-25 -1 12 0

c GPT solve time: 185.64 seconds

SATISFIABLE
7
2
x1 = F
x2 = F
x3 = F
x4 = T
x5 = F
x6 = T
x7 = T
x8 = T
x9 = F
x10 = T
x11 = T
x12 = F
x13 = T
x14 = F
x15 = T
x16 = T
x17 = F
x18 = F
x19 = T
x20 = F
x21 = F
x22 = F
x23 = F
x24 = T
x25 = T