c Random 3-SAT
c alpha=3.5, N=25, L=87, instance=862
p cnf 25 87
-13 -21 4 0
-13 -25 3 0
-4 16 -25 0
20 -25 -10 0
-24 -6 -19 0
20 -9 -11 0
25 -21 -13 0
-19 24 12 0
14 24 15 0
6 5 11 0
-2 7 -25 0
-10 25 -9 0
-9 2 -12 0
-5 16 17 0
15 -11 4 0
-12 19 -24 0
21 20 24 0
11 -13 -17 0
11 4 6 0
-14 8 -3 0
-13 17 23 0
11 -18 -3 0
-15 -11 -20 0
9 -8 -3 0
1 -10 -7 0
24 -15 -2 0
13 4 15 0
-1 7 23 0
10 -24 -8 0
-13 -2 -22 0
-19 7 -16 0
-15 -21 -17 0
-9 -13 7 0
15 -9 -3 0
-22 -24 25 0
-7 -16 -5 0
6 -15 -18 0
10 -8 5 0
-21 23 -5 0
-4 25 -18 0
19 -4 -16 0
-24 20 -6 0
23 8 12 0
-7 -15 -9 0
11 -6 7 0
-6 21 -2 0
20 22 -15 0
-6 12 9 0
11 16 -17 0
18 -14 -6 0
-13 -2 -14 0
-25 -22 -8 0
9 -20 3 0
7 -22 -5 0
-10 16 -24 0
17 -4 -24 0
10 -15 -12 0
4 1 -20 0
20 -8 -15 0
15 -1 -10 0
-24 -3 6 0
14 -15 3 0
13 15 10 0
24 25 -10 0
16 -19 11 0
1 14 9 0
-2 17 19 0
-4 24 -6 0
-2 8 -19 0
-15 -4 -9 0
-14 1 -22 0
3 -14 13 0
-19 -4 2 0
16 6 -12 0
-7 -17 -9 0
17 -14 1 0
14 -8 16 0
5 -15 17 0
-3 6 -23 0
-8 -12 -13 0
14 -25 17 0
17 12 -13 0
14 -5 -1 0
22 -23 9 0
-12 18 -20 0
-2 18 -19 0
-19 -25 -7 0

c GPT solve time: 191.79 seconds

SATISFIABLE
7
4
x1=FALSE
x2=FALSE
x3=TRUE
x4=TRUE
x5=FALSE
x6=TRUE
x7=FALSE
x8=FALSE
x9=FALSE
x10=TRUE
x11=FALSE
x12=FALSE
x13=FALSE
x14=TRUE
x15=FALSE
x16=TRUE
x17=TRUE
x18=TRUE
x19=FALSE
x20=TRUE
x21=FALSE
x22=FALSE
x23=FALSE
x24=TRUE
x25=TRUE