c Random 3-SAT
c alpha=3.5, N=25, L=87, instance=1124
p cnf 25 87
11 3 15 0
13 7 10 0
9 14 -7 0
11 -2 12 0
5 -2 -16 0
-19 1 3 0
25 7 -15 0
-3 -24 -1 0
16 6 -14 0
25 -7 -24 0
-8 -7 3 0
-21 18 13 0
-19 -17 -1 0
-15 -3 20 0
-23 24 21 0
-11 -3 15 0
-17 2 9 0
11 1 -6 0
-17 6 -13 0
5 -9 20 0
-10 -25 -8 0
-16 1 -17 0
-25 22 4 0
19 11 8 0
-15 -23 -24 0
-22 9 -11 0
22 8 -4 0
-2 21 -12 0
23 -17 14 0
-14 23 17 0
11 23 -12 0
-21 -20 -5 0
11 -21 16 0
-9 -5 13 0
-5 7 -2 0
1 20 7 0
4 -21 -15 0
12 25 24 0
6 -24 -3 0
14 19 17 0
24 6 -3 0
-8 -9 23 0
-13 -15 1 0
22 17 -1 0
9 -10 -12 0
6 17 -15 0
-19 -22 -7 0
4 20 -23 0
-20 24 -4 0
19 -6 4 0
-9 -7 1 0
16 1 8 0
-1 -2 19 0
-13 17 2 0
-22 -19 4 0
-19 9 -23 0
7 13 -8 0
18 24 5 0
-2 8 -18 0
-17 20 -15 0
10 12 -8 0
-10 24 -4 0
21 -14 1 0
10 -3 -8 0
-10 21 -24 0
-18 -12 23 0
25 -8 17 0
14 1 10 0
-11 2 7 0
-12 10 -5 0
17 -11 18 0
8 -1 -10 0
-18 17 14 0
-10 -2 11 0
12 7 18 0
-9 10 3 0
-13 -19 20 0
-2 -21 6 0
-18 -12 -5 0
22 17 -16 0
-3 -20 14 0
3 19 -8 0
9 21 14 0
-9 6 -13 0
19 -7 10 0
-1 13 -12 0
-3 25 4 0

c GPT solve time: 311.56 seconds

SATISFIABLE
15
9
x1 = TRUE
x2 = FALSE
x3 = FALSE
x4 = TRUE
x5 = FALSE
x6 = TRUE
x7 = TRUE
x8 = FALSE
x9 = TRUE
x10 = TRUE
x11 = TRUE
x12 = FALSE
x13 = TRUE
x14 = TRUE
x15 = FALSE
x16 = FALSE
x17 = TRUE
x18 = FALSE
x19 = FALSE
x20 = TRUE
x21 = TRUE
x22 = TRUE
x23 = FALSE
x24 = TRUE
x25 = TRUE