c Random 3-SAT
c alpha=3.5, N=25, L=87, instance=489
p cnf 25 87
16 -23 -14 0
24 7 -23 0
8 -2 18 0
-18 -4 -16 0
2 -17 -22 0
-25 -22 -8 0
-22 3 21 0
-14 13 -20 0
-4 7 15 0
-8 -15 2 0
-7 18 15 0
11 -8 -20 0
-14 22 -12 0
-19 12 25 0
22 -23 21 0
-23 -17 5 0
-22 -11 -2 0
5 14 -6 0
-19 9 -2 0
15 14 -21 0
15 -20 18 0
-9 11 -6 0
-6 -14 24 0
3 -15 -12 0
-20 2 -12 0
5 1 17 0
-3 16 6 0
20 -5 -16 0
-14 -10 18 0
-8 19 15 0
-2 24 -3 0
-7 18 21 0
15 -2 13 0
23 9 3 0
-24 19 10 0
-16 -13 -7 0
6 -10 23 0
-6 21 16 0
-23 -8 -4 0
12 7 -19 0
-6 -24 8 0
20 15 -18 0
-8 -14 -19 0
-15 18 8 0
-25 -14 -5 0
14 -15 12 0
7 -22 -2 0
-16 -12 -21 0
8 -20 14 0
25 -17 6 0
5 6 -17 0
-7 -23 -16 0
-14 -19 12 0
14 2 9 0
-22 10 15 0
21 -1 -12 0
-12 -13 16 0
-24 -18 -11 0
-13 20 2 0
24 -10 -14 0
15 6 25 0
25 -18 14 0
-8 -2 21 0
5 12 -15 0
17 -11 7 0
20 -3 18 0
11 -1 5 0
-24 10 -7 0
19 15 12 0
-8 -15 18 0
-21 -6 -2 0
-6 -14 2 0
6 -9 11 0
-6 -22 -3 0
-2 -20 4 0
16 -10 -23 0
22 -13 -16 0
6 -13 -18 0
6 15 -10 0
4 8 -19 0
16 10 -22 0
22 21 15 0
25 20 -14 0
20 5 -10 0
16 -15 -3 0
-21 -25 19 0
-11 -17 -15 0

c GPT solve time: 126.28 seconds

SATISFIABLE
9
4
x1 = False
x2 = False
x3 = False
x4 = False
x5 = True
x6 = False
x7 = False
x8 = False
x9 = True
x10 = False
x11 = False
x12 = False
x13 = False
x14 = False
x15 = False
x16 = False
x17 = False
x18 = False
x19 = False
x20 = False
x21 = False
x22 = False
x23 = False
x24 = False
x25 = False