c Random 3-SAT
c alpha=3.5, N=25, L=87, instance=1728
p cnf 25 87
-20 12 -25 0
-7 20 -1 0
-5 21 10 0
-20 -11 -17 0
-20 -4 5 0
22 16 13 0
-2 3 5 0
8 -22 -1 0
-20 6 18 0
-20 -16 11 0
3 -16 4 0
-18 -9 -14 0
-6 22 -9 0
-22 -24 19 0
-13 -15 -5 0
-16 -3 -21 0
18 -23 10 0
-15 -8 1 0
12 -10 -8 0
-17 -10 -18 0
-22 -23 21 0
-4 8 15 0
-15 10 -11 0
-25 -17 21 0
1 -19 18 0
-9 -25 2 0
21 12 -1 0
13 -15 1 0
21 16 22 0
25 -22 21 0
-9 -15 -11 0
17 -7 -9 0
-16 25 21 0
12 24 -22 0
3 7 23 0
7 -2 -19 0
-24 11 -14 0
8 23 -1 0
9 -2 -21 0
-7 -9 -3 0
17 15 8 0
-4 -12 -23 0
14 -19 2 0
1 -10 5 0
-20 -17 16 0
8 24 14 0
19 17 -14 0
6 24 1 0
-13 8 -25 0
-11 -12 4 0
9 -8 -21 0
12 10 -24 0
18 -7 -10 0
-16 -21 22 0
16 25 8 0
-8 -20 12 0
9 18 22 0
6 11 14 0
17 11 24 0
23 -9 16 0
-16 -2 15 0
-6 25 -12 0
-21 4 -17 0
-1 -6 18 0
25 -21 8 0
16 -13 -14 0
17 1 11 0
20 2 11 0
13 -2 -4 0
7 -10 19 0
13 1 9 0
21 -5 3 0
-21 -16 -6 0
23 9 -11 0
-14 -13 -6 0
-14 7 23 0
-5 -4 -23 0
-7 -18 10 0
-13 7 15 0
17 20 5 0
-3 16 17 0
-7 -3 22 0
-5 -6 25 0
11 -21 1 0
-13 4 18 0
25 -12 -15 0
-15 8 21 0

c GPT solve time: 125.78 seconds

SATISFIABLE  
9  
4  
x1 = 0  
x2 = 0  
x3 = 1  
x4 = 0  
x5 = 0  
x6 = 0  
x7 = 0  
x8 = 1  
x9 = 0  
x10 = 0  
x11 = 1  
x12 = 1  
x13 = 0  
x14 = 0  
x15 = 0  
x16 = 1  
x17 = 1  
x18 = 0  
x19 = 0  
x20 = 0  
x21 = 0  
x22 = 1  
x23 = 0  
x24 = 0  
x25 = 0