c Random 3-SAT
c alpha=3.5, N=25, L=87, instance=4574
p cnf 25 87
9 2 -17 0
2 22 20 0
2 24 4 0
10 21 6 0
5 -14 6 0
2 -17 -24 0
2 -15 6 0
-23 8 -2 0
-7 -4 17 0
-18 -24 7 0
15 -23 18 0
-20 -6 -12 0
1 -19 17 0
22 5 18 0
-10 21 -19 0
-7 -2 1 0
-10 -5 21 0
-24 -22 -16 0
23 8 -4 0
23 -5 9 0
13 3 14 0
15 -7 17 0
-13 3 -24 0
18 17 13 0
-23 -9 -25 0
12 -1 -10 0
-20 5 15 0
22 3 -8 0
25 4 11 0
15 -17 14 0
5 -2 9 0
-25 -19 -7 0
3 11 -17 0
3 25 -1 0
-4 -23 9 0
22 -1 -8 0
4 3 -22 0
13 -24 -7 0
4 -7 -12 0
-21 -18 16 0
9 10 -21 0
16 -23 12 0
24 19 -21 0
-2 -12 5 0
3 15 -9 0
-11 -22 18 0
25 13 23 0
-22 11 -2 0
-9 17 1 0
10 -17 -24 0
-19 -2 22 0
-18 -20 9 0
-4 21 13 0
-8 -7 -4 0
-2 25 6 0
-22 -2 4 0
-10 -14 -9 0
-9 24 25 0
22 19 3 0
-5 -25 23 0
16 -11 -5 0
-12 -9 6 0
-25 -13 9 0
17 -23 15 0
-11 -15 -6 0
10 -1 -4 0
20 -5 -19 0
-5 7 -25 0
-25 -5 -9 0
-8 -9 24 0
-15 21 -23 0
-3 -1 16 0
-16 6 12 0
-16 24 21 0
15 5 -8 0
23 18 15 0
-4 14 -22 0
-2 1 -8 0
4 19 -3 0
7 10 -19 0
-11 22 -16 0
5 2 7 0
24 -19 -4 0
16 -5 1 0
9 18 -16 0
-19 15 23 0
-5 6 24 0

c GPT solve time: 85.69 seconds

SATISFIABLE
Branches: 15
Conflicts: 10
x1 = F
x2 = F
x3 = T
x4 = F
x5 = F
x6 = T
x7 = F
x8 = F
x9 = T
x10 = F
x11 = F
x12 = T
x13 = F
x14 = F
x15 = T
x16 = F
x17 = F
x18 = T
x19 = F
x20 = T
x21 = F
x22 = F
x23 = F
x24 = F
x25 = T