c Random 3-SAT
c alpha=3.5, N=25, L=87, instance=849
p cnf 25 87
-13 -22 -18 0
-7 -17 25 0
23 4 -25 0
16 13 -7 0
-15 13 14 0
-19 23 25 0
18 12 -24 0
20 -2 -3 0
-20 19 18 0
-25 -18 -7 0
-16 24 22 0
-20 -4 -16 0
-22 15 12 0
-16 19 -1 0
-15 10 -18 0
-8 22 3 0
-2 -6 -19 0
-4 20 -25 0
-21 -12 -3 0
-19 -2 -16 0
23 14 3 0
25 8 -15 0
18 -22 -10 0
-5 22 -20 0
25 -11 4 0
-16 -7 22 0
-11 -18 -17 0
-4 21 -3 0
16 -3 24 0
6 7 -8 0
-5 -12 -24 0
16 -20 -2 0
21 16 20 0
9 -3 -7 0
-10 23 15 0
8 3 -4 0
14 -18 -16 0
4 -25 -18 0
-6 22 12 0
22 -11 -8 0
-7 2 13 0
-18 -17 -3 0
-24 19 -16 0
3 -7 -12 0
-23 22 24 0
9 -18 25 0
-12 -22 24 0
-5 -18 23 0
25 -17 18 0
2 -19 -14 0
-2 1 22 0
14 -4 -25 0
10 17 5 0
-9 -18 17 0
-9 -17 22 0
3 -18 24 0
11 -10 -19 0
-23 18 -7 0
20 17 10 0
12 -14 5 0
14 -16 -12 0
-10 11 -16 0
20 4 16 0
4 11 18 0
-21 -22 -25 0
23 13 -19 0
2 -25 21 0
20 -14 -22 0
-8 -24 -13 0
-15 -11 23 0
13 -10 19 0
-12 -10 -17 0
5 -15 12 0
9 18 -16 0
-3 23 -4 0
-6 -23 14 0
12 23 1 0
7 12 24 0
-11 -8 1 0
-25 -8 -3 0
3 7 -22 0
14 2 -19 0
11 -17 -3 0
13 11 -12 0
19 24 4 0
17 11 2 0
-25 -22 13 0

c GPT solve time: 102.86 seconds

SATISFIABLE
6
0
x1=T
x2=T
x3=F
x4=T
x5=F
x6=F
x7=T
x8=T
x9=T
x10=T
x11=T
x12=F
x13=T
x14=F
x15=F
x16=F
x17=F
x18=F
x19=F
x20=F
x21=T
x22=T
x23=T
x24=F
x25=F