c Random 3-SAT
c alpha=3.5, N=25, L=87, instance=4564
p cnf 25 87
-20 24 -5 0
-14 -24 9 0
-22 -24 5 0
-23 17 -2 0
5 9 23 0
11 15 -25 0
-15 14 -8 0
12 22 -14 0
2 -21 16 0
23 -9 -11 0
22 -20 18 0
3 -4 2 0
-23 25 -10 0
3 -8 -2 0
-7 -25 11 0
11 -18 22 0
25 -2 8 0
-21 23 -20 0
-10 -1 22 0
1 17 7 0
18 17 -4 0
24 -7 14 0
-18 11 9 0
1 -2 -16 0
-15 -18 -9 0
25 -12 -10 0
-19 24 18 0
-1 -4 -2 0
-5 22 -24 0
-1 20 -5 0
-19 9 -6 0
10 -4 20 0
8 10 -24 0
-22 -6 -14 0
13 14 12 0
7 5 3 0
-10 -1 -8 0
-16 -17 -20 0
-2 -13 -14 0
1 13 -22 0
3 17 21 0
-3 -11 16 0
25 -11 -8 0
-14 -23 -21 0
2 5 -6 0
7 2 4 0
-23 -12 -10 0
18 5 8 0
5 20 -9 0
12 -10 -13 0
-23 -15 -12 0
-7 -17 21 0
-23 -6 10 0
-11 -6 -13 0
7 -23 -11 0
-17 -20 -6 0
15 -22 -12 0
-7 20 -12 0
10 17 12 0
23 12 -11 0
-22 4 17 0
-25 -12 -16 0
-7 11 19 0
-14 3 -11 0
-22 -2 -10 0
2 21 20 0
-25 1 7 0
6 -21 8 0
-7 20 -6 0
22 -6 12 0
-14 -8 -17 0
-15 18 21 0
18 15 -5 0
-18 4 23 0
-1 -4 23 0
14 5 13 0
-3 22 -9 0
15 -18 -4 0
17 14 -12 0
3 -1 7 0
-16 8 15 0
10 -8 15 0
17 18 11 0
-6 -14 3 0
7 23 19 0
-1 12 -8 0
24 5 -23 0

c GPT solve time: 209.42 seconds

SATISFIABLE
9
3
x1 = True
x2 = True
x3 = True
x4 = False
x5 = False
x6 = False
x7 = False
x8 = True
x9 = False
x10 = False
x11 = False
x12 = True
x13 = False
x14 = True
x15 = True
x16 = False
x17 = True
x18 = False
x19 = True
x20 = True
x21 = False
x22 = True
x23 = False
x24 = False
x25 = False