c Random 3-SAT
c alpha=3.5, N=25, L=87, instance=4722
p cnf 25 87
-23 2 6 0
-6 -8 -23 0
-23 6 16 0
17 -24 2 0
-6 -16 12 0
19 10 22 0
-7 11 18 0
18 -14 -8 0
-21 5 15 0
-3 16 6 0
11 -20 15 0
18 16 12 0
14 6 -8 0
23 3 -16 0
-10 -25 -23 0
-19 2 25 0
14 -25 -21 0
-10 24 -7 0
-4 -13 -18 0
5 -10 -25 0
-18 8 -4 0
-10 24 5 0
15 -18 -6 0
15 -5 9 0
-17 12 22 0
-14 -4 22 0
23 -18 10 0
-25 -13 -21 0
-15 -5 -12 0
-14 -24 23 0
7 25 -23 0
17 25 -9 0
6 -10 -5 0
21 10 -23 0
15 7 1 0
20 -10 -16 0
12 -20 4 0
4 6 19 0
-10 -12 24 0
-4 16 -25 0
-4 -25 23 0
23 5 22 0
-17 -1 -18 0
20 -16 19 0
18 -13 -10 0
-11 -23 7 0
17 11 -3 0
18 12 -4 0
-24 3 -9 0
20 8 7 0
7 -5 18 0
-8 -13 -21 0
18 3 15 0
-15 1 18 0
-13 5 21 0
10 -18 13 0
-4 -23 -13 0
6 4 -1 0
-13 23 18 0
14 8 -5 0
-20 18 -17 0
-25 12 11 0
-12 14 -11 0
-6 16 12 0
13 25 5 0
6 -22 -14 0
20 -15 -8 0
4 -11 -9 0
-20 -8 11 0
10 -23 14 0
23 -16 3 0
-25 8 -24 0
-3 13 7 0
-14 22 -12 0
-12 3 -17 0
13 -6 19 0
17 22 11 0
11 15 14 0
-25 18 -14 0
5 -1 -16 0
-6 9 22 0
-6 8 -12 0
-13 25 -2 0
-10 14 9 0
4 9 18 0
3 -21 -18 0
-3 18 13 0

c GPT solve time: 138.69 seconds

SATISFIABLE
9
9
x1=T
x2=T
x3=T
x4=F
x5=T
x6=T
x7=T
x8=F
x9=F
x10=F
x11=T
x12=F
x13=F
x14=F
x15=T
x16=T
x17=F
x18=T
x19=T
x20=F
x21=F
x22=T
x23=T
x24=F
x25=F