c Random 3-SAT
c alpha=3.5, N=25, L=87, instance=3174
p cnf 25 87
-6 -3 18 0
-9 -18 17 0
-8 -7 -6 0
-8 -2 -5 0
-13 -14 2 0
-1 -16 15 0
15 -21 -4 0
-17 -11 -14 0
4 -12 11 0
18 -22 -12 0
23 -24 15 0
-11 10 20 0
-13 24 22 0
13 -19 -22 0
6 -14 19 0
1 -3 8 0
-12 25 18 0
-7 -10 16 0
8 19 3 0
12 -7 15 0
6 18 9 0
6 -11 -5 0
-8 16 -20 0
-21 -20 -12 0
25 -7 -4 0
22 11 13 0
18 21 -16 0
-4 -12 7 0
-18 -3 11 0
-7 8 14 0
23 -13 2 0
21 22 3 0
-2 17 -6 0
12 -1 -21 0
12 -21 24 0
-20 15 22 0
7 12 23 0
-20 22 1 0
-11 -15 5 0
2 -14 7 0
9 17 -20 0
15 -24 -3 0
15 3 17 0
-4 -10 15 0
8 -2 -1 0
-13 -16 5 0
18 22 -16 0
-17 -6 1 0
-2 -19 -3 0
-4 24 -12 0
19 6 18 0
20 6 19 0
-8 21 11 0
-11 12 -5 0
3 -9 20 0
10 -15 -12 0
9 -24 14 0
-21 16 8 0
23 11 -20 0
8 14 1 0
-15 -18 6 0
-6 -8 11 0
-11 -3 16 0
-4 11 1 0
3 -17 15 0
5 -20 19 0
-20 -11 -22 0
15 24 -9 0
-12 8 -4 0
1 -8 -11 0
-19 -12 -17 0
-18 -14 -24 0
-25 -2 23 0
-25 -13 -9 0
11 13 4 0
-1 -7 -14 0
15 -17 23 0
7 -12 -2 0
-6 -14 17 0
25 -23 6 0
24 3 -21 0
-22 25 9 0
6 -21 -3 0
17 -8 16 0
23 -24 -4 0
7 -1 14 0
-14 9 19 0

c GPT solve time: 331.67 seconds

SATISFIABLE
Branches: 12
Conflicts: 7
x1 = TRUE
x2 = FALSE
x3 = FALSE
x4 = TRUE
x5 = FALSE
x6 = TRUE
x7 = TRUE
x8 = FALSE
x9 = FALSE
x10 = TRUE
x11 = FALSE
x12 = FALSE
x13 = FALSE
x14 = FALSE
x15 = TRUE
x16 = TRUE
x17 = TRUE
x18 = TRUE
x19 = FALSE
x20 = FALSE
x21 = FALSE
x22 = TRUE
x23 = FALSE
x24 = FALSE
x25 = TRUE