c Random 3-SAT
c alpha=3.5, N=25, L=87, instance=950
p cnf 25 87
4 -16 7 0
-5 22 14 0
23 -24 -13 0
-4 -21 -17 0
14 13 -15 0
19 -12 -6 0
7 6 -20 0
20 12 3 0
19 -10 3 0
5 -8 -16 0
6 19 -16 0
-17 -7 13 0
5 19 15 0
-4 11 8 0
-17 -20 9 0
-2 1 -22 0
-3 -1 -13 0
15 3 -5 0
24 -1 -5 0
15 -2 14 0
17 1 4 0
-19 -3 7 0
2 -24 14 0
16 -19 20 0
24 -5 4 0
2 12 -14 0
-24 7 -22 0
3 -25 14 0
-19 -4 -14 0
3 21 -9 0
-4 -21 20 0
5 15 -10 0
22 23 -1 0
20 -6 -22 0
-16 21 12 0
-3 18 -24 0
-6 13 7 0
24 13 -7 0
-24 -16 -10 0
21 -18 17 0
-20 -22 1 0
-1 17 -12 0
5 -15 24 0
5 7 1 0
-6 -14 -4 0
17 -20 3 0
4 -21 15 0
-10 -19 -20 0
7 2 19 0
-15 14 17 0
-13 24 -10 0
-23 -6 2 0
-4 18 -13 0
23 -10 15 0
-6 -16 -1 0
-3 -19 -25 0
24 22 -6 0
-24 -9 13 0
-7 -8 -13 0
5 16 -8 0
12 -25 20 0
-15 -16 22 0
6 21 9 0
-19 -17 -9 0
20 -24 8 0
6 4 25 0
-8 -15 -6 0
-23 18 -2 0
-14 19 21 0
-1 -6 12 0
22 9 1 0
-1 -24 -21 0
-22 1 -6 0
-5 4 25 0
-24 1 16 0
-9 10 5 0
11 2 -18 0
4 3 -17 0
-2 -13 -12 0
17 -10 1 0
13 -25 2 0
-13 -19 12 0
8 14 1 0
-10 -18 21 0
22 7 -19 0
15 -18 23 0
1 10 24 0

c GPT solve time: 140.12 seconds

SATISFIABLE
Number of branches: 39
Number of conflicts: 24
Assignment:
x1 = T
x2 = T
x3 = T
x4 = T
x5 = T
x6 = F
x7 = T
x8 = F
x9 = F
x10 = F
x11 = T
x12 = F
x13 = F
x14 = T
x15 = F
x16 = F
x17 = F
x18 = T
x19 = F
x20 = T
x21 = T
x22 = T
x23 = F
x24 = T
x25 = F