c Random 3-SAT
c alpha=3.5, N=25, L=87, instance=2962
p cnf 25 87
17 13 -2 0
16 2 -13 0
7 -8 19 0
24 -11 9 0
-25 -12 19 0
4 -8 -17 0
16 1 5 0
18 -24 -5 0
-13 -25 19 0
-8 -3 4 0
2 20 11 0
4 6 12 0
25 -2 5 0
-12 5 -6 0
-15 -14 -2 0
15 9 20 0
-3 -21 23 0
25 24 20 0
19 20 25 0
1 5 -9 0
19 6 -14 0
3 -15 -24 0
13 9 -19 0
15 14 18 0
8 5 18 0
10 -1 -12 0
2 -9 -15 0
7 -24 -21 0
11 19 24 0
10 11 21 0
-8 -9 7 0
-25 -17 21 0
16 25 4 0
14 2 -4 0
-4 -20 -16 0
9 24 -19 0
3 -4 5 0
16 12 -18 0
6 -16 -24 0
-8 25 2 0
17 3 -13 0
2 4 9 0
-19 4 11 0
5 -25 -1 0
-2 -23 -9 0
-25 16 10 0
-7 22 8 0
23 15 13 0
-6 11 -23 0
-12 25 -8 0
-5 4 10 0
-21 6 17 0
10 -1 -24 0
-4 -9 -10 0
4 -3 2 0
7 -22 -17 0
2 -18 9 0
-2 8 13 0
23 8 5 0
-17 -10 -23 0
-7 -5 -24 0
-4 -2 -13 0
-7 -17 22 0
19 -4 -13 0
15 8 -20 0
-3 -17 24 0
9 -24 21 0
-21 -14 -12 0
-14 23 12 0
21 19 -18 0
5 -25 -7 0
21 -7 -13 0
-18 25 9 0
20 -14 13 0
-25 20 -3 0
10 -25 13 0
-25 -23 24 0
4 -24 20 0
8 23 4 0
-13 23 -24 0
-18 25 3 0
10 -7 -12 0
7 -11 20 0
23 24 10 0
-20 -22 -19 0
-4 -24 -18 0
12 -19 22 0

c GPT solve time: 161.04 seconds

SATISFIABLE  
Branches: 9  
Conflicts: 6  
x1 = F  
x2 = F  
x3 = F  
x4 = T  
x5 = T  
x6 = F  
x7 = F  
x8 = F  
x9 = T  
x10 = F  
x11 = T  
x12 = T  
x13 = F  
x14 = T  
x15 = F  
x16 = F  
x17 = F  
x18 = F  
x19 = F  
x20 = T  
x21 = F  
x22 = F  
x23 = T  
x24 = F  
x25 = F