c Random 3-SAT
c alpha=3.5, N=25, L=87, instance=4578
p cnf 25 87
-21 -13 -19 0
-16 -4 13 0
11 4 13 0
-25 -20 -3 0
-3 8 -13 0
21 -6 8 0
3 -9 -17 0
4 1 -10 0
-20 -4 -19 0
17 3 -6 0
-5 14 -9 0
23 2 -22 0
18 -7 -13 0
-7 -6 -18 0
-16 -20 23 0
3 20 12 0
15 -3 -4 0
-13 -6 -17 0
8 -20 -18 0
-18 6 -20 0
10 22 -18 0
17 -21 -9 0
14 24 -13 0
22 -1 24 0
-7 6 -12 0
15 -18 -24 0
7 19 21 0
16 -1 17 0
-2 -24 -3 0
16 6 8 0
24 2 -21 0
22 -17 -21 0
1 -19 25 0
2 -1 -23 0
-24 -20 18 0
-16 -8 -19 0
-21 4 5 0
21 11 12 0
-25 16 14 0
-18 -23 2 0
-8 -16 -5 0
-25 19 -3 0
-3 -2 -12 0
-10 24 -3 0
-25 -19 18 0
-21 -3 2 0
-5 -8 -11 0
-2 9 -13 0
-2 -3 12 0
-21 -23 3 0
-7 -16 2 0
11 -10 -3 0
-7 2 19 0
15 13 6 0
16 -1 -20 0
-13 9 23 0
-18 5 -16 0
-21 -15 -11 0
-21 20 -19 0
-24 -21 11 0
22 -24 10 0
-9 14 21 0
16 21 -25 0
17 11 8 0
-10 2 -13 0
3 20 -1 0
-22 9 -10 0
3 20 -24 0
-19 7 21 0
-20 -6 3 0
9 23 -12 0
15 -9 23 0
2 16 -4 0
13 19 24 0
-23 -21 6 0
4 -24 -9 0
5 -8 16 0
-7 -15 25 0
5 -24 -4 0
14 -1 -8 0
-22 -6 21 0
-1 13 6 0
2 -25 19 0
-20 -1 17 0
-16 12 -4 0
-19 -21 4 0
19 -13 -2 0

c GPT solve time: 149.42 seconds

SATISFIABLE
11
0
x1 = F 
x2 = T 
x3 = T 
x4 = F 
x5 = F 
x6 = T 
x7 = T 
x8 = T 
x9 = F 
x10 = F 
x11 = T 
x12 = T 
x13 = F 
x14 = F 
x15 = F 
x16 = T 
x17 = F 
x18 = F 
x19 = F 
x20 = F 
x21 = F 
x22 = F 
x23 = T 
x24 = T 
x25 = F