c Random 3-SAT
c alpha=3.5, N=25, L=87, instance=1814
p cnf 25 87
-22 1 9 0
-2 -9 1 0
-2 -24 16 0
17 11 20 0
9 -19 21 0
-25 17 5 0
-5 -23 -18 0
25 14 -2 0
-7 -5 4 0
16 8 -14 0
7 10 18 0
14 23 17 0
12 -23 18 0
21 -12 -1 0
-7 -16 -9 0
-2 -23 17 0
7 19 6 0
-14 -5 17 0
-24 8 -22 0
2 15 -14 0
-22 -17 5 0
-18 -2 21 0
16 -6 24 0
14 4 5 0
16 1 25 0
-16 9 19 0
-10 5 -12 0
6 -14 -18 0
-19 22 13 0
18 -20 8 0
6 24 7 0
18 4 -5 0
-13 19 -7 0
7 -19 23 0
-3 -1 -19 0
25 1 -5 0
23 -16 -22 0
18 10 20 0
-18 -24 -15 0
8 20 4 0
-11 24 22 0
-7 -2 4 0
-19 12 -24 0
12 -2 -25 0
1 -24 13 0
-3 23 25 0
-24 -13 4 0
-17 24 -13 0
-21 -5 -11 0
13 -4 -18 0
22 -14 -16 0
9 -15 23 0
5 -3 13 0
9 -4 -17 0
17 -19 7 0
8 -15 17 0
15 11 6 0
-25 -7 -9 0
-20 25 4 0
14 -1 -19 0
23 -18 16 0
10 17 -4 0
-18 21 3 0
5 -3 -9 0
19 -6 9 0
-6 7 24 0
21 5 -24 0
-23 25 24 0
-14 18 17 0
6 24 20 0
-25 16 13 0
-6 -4 -17 0
4 -18 14 0
17 -16 -6 0
-25 2 -5 0
7 12 16 0
20 -11 1 0
2 -10 -20 0
-17 -22 13 0
-12 20 6 0
-9 -17 -12 0
-6 11 13 0
19 20 -8 0
-10 24 9 0
-7 23 6 0
-8 -25 14 0
10 -9 20 0

c GPT solve time: 90.09 seconds

SATISFIABLE
7
0
x1 = True
x2 = True
x3 = False
x4 = True
x5 = True
x6 = False
x7 = False
x8 = True
x9 = True
x10 = True
x11 = False
x12 = True
x13 = True
x14 = True
x15 = True
x16 = True
x17 = True
x18 = False
x19 = True
x20 = True
x21 = True
x22 = True
x23 = True
x24 = True
x25 = True